[section sign] DEMO on 2024-10-10 06:11:14 rot_test 10.000 rotation_best_modelrmae:0.044/0.044 tmae:0.020234/0.018
0 0   0 0 0 0 0 0   0 0 0 0 0 0
-0.124426131 -0.991851457 -0.027367990 7213.231893925 0.992223857 -0.124290578 -0.006606276 -1571.280432176 0.003150860 -0.027977169 0.999603576 212.264524026
-0.126406193 -0.991162935 -0.040218284 7213.265915952 0.991978565 -0.126302259 -0.005124950 -1571.123260639 -0.000000000 -0.040543501 0.999177774 211.957000000
0 0   0 0 0 0 0 1   0 0 0 0 0 1
-0.137698534 -0.990165856 -0.024716373 7213.075186884 0.990465514 -0.137549774 -0.007629183 -1569.675718649 0.004154424 -0.025531245 0.999665384 212.365382345
-0.134105069 -0.990218709 -0.038506349 7213.035094388 0.990961757 -0.133875246 -0.008497871 -1569.327024730 0.003259704 -0.039297927 0.999222221 211.954000000
0 0   0 0 0 0 0 2   0 0 0 0 0 2
-0.145420687 -0.989092461 -0.023436354 7212.738902531 0.989354958 -0.145246958 -0.008960979 -1567.655284200 0.005459177 -0.024489986 0.999685194 212.304974437
-0.141700969 -0.989229764 -0.036678467 7212.791554650 0.989900107 -0.141440837 -0.009605595 -1567.533731976 0.004314308 -0.037669141 0.999280953 211.959000000
0 0   0 0 0 0 0 3   0 0 0 0 0 3
-0.140262483 -0.989797098 -0.025072361 7212.998715306 0.990096111 -0.140060624 -0.009642438 -1566.447716257 0.006032405 -0.026176522 0.999639173 212.406712420
-0.148720366 -0.988208926 -0.036405660 7212.534924579 0.988869457 -0.148453883 -0.009931849 -1565.735792348 0.004410180 -0.037477514 0.999287739 211.967000000
0 0   0 0 0 0 0 4   0 0 0 0 0 4
-0.158055857 -0.987123323 -0.024624906 7212.177044202 0.987341164 -0.157657325 -0.017374714 -1564.251269835 0.013268685 -0.027059362 0.999545763 212.282490156
-0.155164717 -0.987077651 -0.040020260 7212.264225483 0.987883234 -0.154902825 -0.009582787 -1563.935539777 0.003259704 -0.041022255 0.999152916 211.976000000
0 0   0 0 0 0 0 5   0 0 0 0 0 5
-0.162276567 -0.986249049 -0.031298290 7211.953441370 0.986745430 -0.162200101 -0.004983841 -1562.651696697 -0.000161274 -0.031692209 0.999497592 212.386221511
-0.161223626 -0.986012092 -0.042274058 7211.977035018 0.986914990 -0.160971150 -0.009332286 -1562.131438425 0.002396843 -0.043225487 0.999062467 211.983000000
0 0   0 0 0 0 0 6   0 0 0 0 0 6
-0.169169375 -0.985139019 -0.029720595 7211.622150861 0.985586983 -0.169079903 -0.005516893 -1560.531480598 0.000409753 -0.030225528 0.999542917 212.392623430
-0.167086208 -0.985090713 -0.040969333 7211.674909310 0.985933265 -0.166762575 -0.011217836 -1560.320036076 0.004218435 -0.042267374 0.999097430 211.985000000
0 0   0 0 0 0 0 7   0 0 0 0 0 7
-0.173304406 -0.984473253 -0.027901376 7211.200416963 0.984867987 -0.173211259 -0.005740706 -1558.770740406 0.000818736 -0.028474071 0.999594076 212.324016779
-0.173320116 -0.984143440 -0.037707107 7211.364239187 0.984848743 -0.172966460 -0.012472228 -1558.504699798 0.005752396 -0.039297485 0.999210998 211.991000000
0 0   0 0 0 0 0 8   0 0 0 0 0 8
-0.179992107 -0.983440190 -0.021182487 7211.010710185 0.983657749 -0.179850128 -0.008444007 -1556.899389813 0.004494501 -0.022356186 0.999739818 212.334465113
-0.179644138 -0.983106195 -0.035074098 7211.044434170 0.983722618 -0.179375375 -0.010690467 -1556.690447459 0.004218435 -0.036423664 0.999327535 212.002000000
0 0   0 0 0 0 0 9   0 0 0 0 0 9
-0.189444214 -0.981666720 -0.021019435 7210.760418799 0.981891171 -0.189386026 -0.004745145 -1555.060760076 0.000677363 -0.021537753 0.999767623 212.417581326
-0.185959451 -0.982026038 -0.032310100 7210.711481213 0.982549168 -0.185722558 -0.010210934 -1554.866192539 0.004026689 -0.033645082 0.999425732 212.009000000
0 0   0 0 0 0 1 0   0 0 0 0 1 0
-0.188698627 -0.981783852 -0.022220053 7210.259672392 0.982034887 -0.188640668 -0.004696536 -1553.243522268 0.000419377 -0.022707113 0.999741854 212.423655858
-0.191984127 -0.980903255 -0.031159255 7210.364687526 0.981386323 -0.191729965 -0.010977468 -1553.035755349 0.004793672 -0.032686766 0.999454149 212.016000000
0 0   0 0 0 0 1 1   0 0 0 0 1 1
-0.196883185 -0.980224415 -0.019935017 7209.963147068 0.980426732 -0.196831649 -0.004535316 -1551.468260232 0.000521787 -0.020437767 0.999790728 212.427735299
-0.198189926 -0.979707323 -0.029905077 7210.004130398 0.980150465 -0.197936828 -0.011228461 -1551.201249679 0.005081289 -0.031536843 0.999489674 212.024000000
0 0   0 0 0 0 1 2   0 0 0 0 1 2
-0.198921448 -0.979794627 -0.020806474 7209.512034218 0.980014776 -0.198854341 -0.005267362 -1549.728799978 0.001023475 -0.021438460 0.999769309 212.355254414
-0.204106361 -0.978499630 -0.029649087 7209.669371306 0.978935531 -0.203852775 -0.011369793 -1549.545180146 0.005081289 -0.031345192 0.999495703 212.033000000
0 0   0 0 0 0 1 3   0 0 0 0 1 3
-0.209982970 -0.977532928 -0.018346843 7209.313097056 0.977704835 -0.209937903 -0.004370486 -1547.848218254 0.000420600 -0.018855543 0.999821734 212.435463299
-0.210952658 -0.977048956 -0.029568787 7209.284865024 0.977483072 -0.210696028 -0.011577020 -1547.701260220 0.005081289 -0.031345192 0.999495703 212.042000000
0 0   0 0 0 0 1 4   0 0 0 0 1 4
-0.214684255 -0.976504302 -0.018707871 7208.973776508 0.976681260 -0.214604334 -0.006202649 -1545.874993758 0.002042122 -0.019603255 0.999805313 212.409374260
-0.217974136 -0.975548098 -0.028163540 7208.884076956 0.975933407 -0.217688706 -0.012869058 -1545.850082039 0.006423500 -0.030290861 0.999520486 212.051000000
0 0   0 0 0 0 1 5   0 0 0 0 1 5
-0.222287832 -0.974822583 -0.017573695 7208.535373338 0.974977907 -0.222206189 -0.006492940 -1544.086703402 0.002424480 -0.018577283 0.999823994 212.423040167
-0.225078638 -0.973939310 -0.027961178 7208.470323988 0.974316149 -0.224776979 -0.013540770 -1543.994440466 0.006902859 -0.030290765 0.999517294 212.063000000
0 0   0 0 0 0 1 6   0 0 0 0 1 6
-0.226208208 -0.973876351 -0.019858059 7208.144211596 0.974078055 -0.226136166 -0.005829217 -1542.225722316 0.001186308 -0.020661934 0.999785288 212.491030696
-0.232360394 -0.972229131 -0.027913510 7208.041989538 0.972614406 -0.232099771 -0.012284654 -1542.137569091 0.005464779 -0.030003549 0.999534853 212.077000000
0 0   0 0 0 0 1 7   0 0 0 0 1 7
-0.231085894 -0.972761403 -0.018277224 7207.779933659 0.972885139 -0.230847041 -0.014273514 -1540.324845651 0.009665474 -0.021080062 0.999730520 212.477820381
-0.239814814 -0.970400541 -0.028489372 7207.597642696 0.970809487 -0.239581754 -0.011380835 -1540.273688883 0.004218435 -0.030387046 0.999529305 212.088000000
0 0   0 0 0 0 1 8   0 0 0 0 1 8
-0.234501541 -0.971923871 -0.019299213 7207.310517074 0.972115099 -0.234435889 -0.005625564 -1538.350601032 0.000943185 -0.020080275 0.999797400 212.440752487
-0.247252231 -0.968502404 -0.029486062 7207.137242160 0.968935741 -0.246962165 -0.013161270 -1538.402677081 0.005464779 -0.031824252 0.999478541 212.095000000
0 0   0 0 0 0 1 9   0 0 0 0 1 9
-0.242514100 -0.969921447 -0.020945942 7206.869258293 0.970136452 -0.242350707 -0.010051017 -1536.510272473 0.004672427 -0.022757949 0.999729578 212.506744139
-0.254488970 -0.966593707 -0.030528177 7206.660135540 0.967051720 -0.254133642 -0.015068611 -1536.529423739 0.006806987 -0.033357121 0.999420316 212.105000000
0 0   0 0 0 0 2 0   0 0 0 0 2 0
-0.254385897 -0.966822726 -0.023261825 7206.260542070 0.967098616 -0.254241817 -0.009001490 -1534.779293249 0.002788709 -0.024786344 0.999688373 212.441371823
-0.261437437 -0.964685697 -0.032124343 7206.166916752 0.965202121 -0.261082687 -0.014855875 -1534.658207398 0.005944141 -0.034890365 0.999373469 212.119000000
0 0   0 0 0 0 2 1   0 0 0 0 2 1
-0.261793355 -0.964869192 -0.022165360 7205.740720215 0.965123752 -0.261716299 -0.006357998 -1532.854814487 0.000333593 -0.023056813 0.999733604 212.478940181
-0.267817762 -0.962909364 -0.032851222 7205.657059505 0.963455158 -0.267471416 -0.014601372 -1532.781999946 0.005273035 -0.035561186 0.999353590 212.131000000
0 0   0 0 0 0 2 2   0 0 0 0 2 2
-0.269287352 -0.962786757 -0.022927248 7205.280662278 0.963059544 -0.269224936 -0.005823432 -1530.907293404 -0.000565871 -0.023648498 0.999719680 212.475343930
-0.273818154 -0.961172999 -0.034206488 7205.133917090 0.961773052 -0.273493619 -0.013922515 -1530.902869853 0.004026689 -0.036711116 0.999317807 212.142000000
0 0   0 0 0 0 2 3   0 0 0 0 2 3
-0.276358344 -0.960734659 -0.024793894 7204.764723341 0.961053738 -0.276298942 -0.005857322 -1529.102489823 -0.001223203 -0.025447001 0.999674954 212.509066339
-0.279347602 -0.959499062 -0.036420706 7204.597734262 0.960187051 -0.279051022 -0.013090245 -1529.021611041 0.002396843 -0.038627419 0.999250808 212.151000000
0 0   0 0 0 0 2 4   0 0 0 0 2 4
-0.288024939 -0.957209528 -0.028131770 7204.056884484 0.957622620 -0.287919381 -0.007820065 -1527.207980756 -0.000614250 -0.029192007 0.999573165 212.510229966
-0.284406931 -0.957928471 -0.038545333 7204.047310513 0.958701335 -0.284087823 -0.013633045 -1527.135626659 0.002109222 -0.040830794 0.999163849 212.156000000
0 0   0 0 0 0 2 5   0 0 0 0 2 5
-0.281399959 -0.959161547 -0.028688880 7203.600688973 0.959590360 -0.281291389 -0.007834311 -1525.300944582 -0.000555574 -0.029734160 0.999557230 212.537916417
-0.289091063 -0.956431462 -0.040807064 7203.484483115 0.957298837 -0.288725000 -0.014724514 -1525.247308825 0.002300969 -0.043321281 0.999058543 212.160000000
0 0   0 0 0 0 2 6   0 0 0 0 2 6
-0.285434895 -0.957807478 -0.033639306 7202.919580030 0.958396972 -0.285311107 -0.008525161 -1523.464598767 -0.001432214 -0.034673199 0.999397208 212.532541103
-0.293860308 -0.954898014 -0.042613400 7202.911343497 0.955846641 -0.293482640 -0.015004633 -1523.359413281 0.001821601 -0.045141141 0.998978958 212.165000000
0 0   0 0 0 0 2 7   0 0 0 0 2 7
-0.299758029 -0.953675604 -0.025451423 7202.658782322 0.953913423 -0.299229645 -0.022597537 -1521.496713904 0.013934885 -0.031052260 0.999420140 212.516786442
-0.298713433 -0.953365659 -0.043176434 7202.326496735 0.954341116 -0.298320667 -0.015421180 -1521.468780888 0.001821601 -0.045811560 0.998948438 212.169000000
0 0   0 0 0 0 2 8   0 0 0 0 2 8
-0.298774059 -0.953805126 -0.031459808 7201.910449920 0.954323770 -0.298623486 -0.009489200 -1519.669970207 -0.000343798 -0.032857981 0.999459515 212.590393492
-0.303376029 -0.951859447 -0.043892805 7201.731730475 0.952868988 -0.302960688 -0.015984786 -1519.576296515 0.001917475 -0.046673494 0.998908358 212.172000000
0 0   0 0 0 0 2 9   0 0 0 0 2 9
-0.303176989 -0.952306648 -0.034578409 7201.231897415 0.952932430 -0.303046588 -0.009077385 -1517.788471483 -0.001834421 -0.035702952 0.999360292 212.572218253
-0.307758224 -0.950375447 -0.045512481 7201.126332434 0.951463899 -0.307347866 -0.015929125 -1517.684826069 0.001150485 -0.048205802 0.998836762 212.177000000
0 0   0 0 0 0 3 0   0 0 0 0 3 0
-0.305304293 -0.951752665 -0.030920088 7200.639026468 0.952254009 -0.305184105 -0.008649111 -1515.756266465 -0.001204510 -0.032084401 0.999483952 212.519016595
-0.311951611 -0.948950485 -0.046681572 7200.509750551 0.950097914 -0.311554985 -0.015730401 -1515.792178259 0.000383495 -0.049259188 0.998785956 212.179000000
0 0   0 0 0 0 3 1   0 0 0 0 3 1
-0.311220119 -0.949657538 -0.035951954 7199.917187437 0.950331127 -0.311136697 -0.008034297 -1514.028231656 -0.003556149 -0.036666709 0.999320733 212.620287008
-0.316229580 -0.947479684 -0.047760873 7199.883132396 0.948682674 -0.315818392 -0.016122256 -1513.899546158 0.000191748 -0.050408247 0.998728678 212.180000000
0 0   0 0 0 0 3 2   0 0 0 0 3 2
-0.314439647 -0.948573841 -0.036541577 7199.216885694 0.949270450 -0.314351222 -0.008289611 -1512.044195676 -0.003623591 -0.037294435 0.999297253 212.516482126
-0.320955211 -0.945861294 -0.048313186 7199.247109338 0.947094252 -0.320511480 -0.016878056 -1512.006980521 0.000479369 -0.051174241 0.998689625 212.180000000
0 0   0 0 0 0 3 3   0 0 0 0 3 3
-0.319761933 -0.946793344 -0.036530575 7198.662237868 0.947497640 -0.319543289 -0.011831752 -1510.141267752 -0.000470886 -0.038395991 0.999261968 212.491479443
-0.326307405 -0.943997351 -0.048912973 7198.602621228 0.945263664 -0.325854496 -0.017188749 -1510.115807005 0.000287621 -0.051844472 0.998655130 212.181000000
0 0   0 0 0 0 3 4   0 0 0 0 3 4
-0.325465159 -0.944879316 -0.035711772 7197.983924099 0.945553515 -0.325264077 -0.011465547 -1508.372777841 -0.000782211 -0.037499043 0.999295826 212.556818244
-0.331558613 -0.942134495 -0.049512418 7197.946872526 0.943434617 -0.331096364 -0.017502019 -1508.227304155 0.000095874 -0.052514674 0.998620148 212.181000000
0 0   0 0 0 0 3 5   0 0 0 0 3 5
-0.323954798 -0.945346317 -0.037061129 7197.336859632 0.946071820 -0.323749196 -0.011587045 -1506.465372546 -0.001044752 -0.038816181 0.999245362 212.605202888
-0.337160723 -0.940161879 -0.049176087 7197.279719073 0.941447059 -0.336716388 -0.017306353 -1506.340979775 -0.000287621 -0.052131705 0.998640177 212.181000000
0 0   0 0 0 0 3 6   0 0 0 0 3 6
-0.333383383 -0.942071389 -0.036836330 7196.525538830 0.942791164 -0.333136821 -0.012820816 -1504.582627326 -0.000193430 -0.039003223 0.999238698 212.534743100
-0.343111036 -0.938115085 -0.047062775 7196.600733139 0.939294728 -0.342705611 -0.016681651 -1504.457672536 -0.000479369 -0.049929475 0.998752631 212.180000000
0 0   0 0 0 0 3 7   0 0 0 0 3 7
-0.347335114 -0.937175766 -0.032555439 7195.915269395 0.937738863 -0.347197392 -0.009974150 -1502.689774357 -0.001955640 -0.033992883 0.999419832 212.525639203
-0.349496883 -0.935868787 -0.044738597 7195.911541904 0.936937350 -0.349127472 -0.016075149 -1502.577722370 -0.000575243 -0.047535477 0.998869385 212.178000000
0 0   0 0 0 0 3 8   0 0 0 0 3 8
-0.355039391 -0.934230059 -0.034078346 7195.236972307 0.934846933 -0.354911957 -0.009923204 -1500.860764896 -0.002824266 -0.035381176 0.999369607 212.628636381
-0.356134938 -0.933408995 -0.043767045 7195.211363718 0.934433431 -0.355815742 -0.015143305 -1500.702025813 -0.001438106 -0.046290450 0.998926987 212.177000000
0 0   0 0 0 0 3 9   0 0 0 0 3 9
-0.358524253 -0.932904301 -0.033913181 7194.547943352 0.933519972 -0.358319441 -0.012145237 -1498.986762136 -0.000821417 -0.036013001 0.999350741 212.597095292
-0.362576782 -0.931042025 -0.041216798 7194.496887465 0.931952937 -0.362285336 -0.014596558 -1498.829848362 -0.001342233 -0.043704489 0.999043601 212.173000000
0 0   0 0 0 0 4 0   0 0 0 0 4 0
-0.361861544 -0.931785820 -0.028838459 7193.960728614 0.932229125 -0.361761398 -0.008801471 -1497.055990044 -0.002231560 -0.030068974 0.999545104 212.534002445
-0.369179704 -0.928524537 -0.039351371 7193.768155321 0.929357787 -0.368879087 -0.014910517 -1496.961037009 -0.000671117 -0.042076163 0.999114181 212.170000000
0 0   0 0 0 0 4 1   0 0 0 0 4 1
-0.368971133 -0.929004602 -0.028479321 7193.117871680 0.929439116 -0.368855395 -0.009409295 -1495.195400875 -0.001763478 -0.029941565 0.999549809 212.485361061
-0.375763744 -0.925936686 -0.037985028 7193.027594552 0.926715093 -0.375485956 -0.014471811 -1495.099893769 -0.000862864 -0.040639281 0.999173511 212.168000000
0 0   0 0 0 0 4 2   0 0 0 0 4 2
-0.380816327 -0.924255212 -0.027046737 7192.240776188 0.924646160 -0.380742555 -0.008030092 -1493.562166225 -0.002875989 -0.028066668 0.999601518 212.568734288
-0.382505999 -0.923216893 -0.036874510 7192.272298554 0.923952167 -0.382254744 -0.013917745 -1493.241097679 -0.001246359 -0.039393905 0.999222982 212.166000000
0 0   0 0 0 0 4 3   0 0 0 0 4 3
-0.383070016 -0.923351110 -0.026082574 7191.480177598 0.923714509 -0.383005351 -0.007630935 -1491.574032496 -0.002943743 -0.027016053 0.999630171 212.558190394
-0.389139166 -0.920429717 -0.037146274 7191.504921617 0.921176339 -0.388918065 -0.013300050 -1491.388480706 -0.002205096 -0.039393839 0.999221328 212.164000000
0 0   0 0 0 0 4 4   0 0 0 0 4 4
-0.393367533 -0.918967127 -0.027596182 7190.435020708 0.919372935 -0.393313615 -0.007584981 -1489.645701263 -0.003883613 -0.028354887 0.999589852 212.458800425
-0.395841023 -0.917534972 -0.037940203 7190.723850740 0.918316847 -0.395592674 -0.014163512 -1489.539043275 -0.002013349 -0.040447627 0.999179631 212.159000000
0 0   0 0 0 0 4 5   0 0 0 0 4 5
-0.405324162 -0.913730470 -0.028445367 7189.687272345 0.914167099 -0.405235869 -0.009063169 -1487.831833544 -0.003245793 -0.029677360 0.999553724 212.454906230
-0.402434608 -0.914712441 -0.036708798 7189.924661116 0.915448554 -0.402085654 -0.016765186 -1487.690458695 0.000575243 -0.040351907 0.999185365 212.153000000
0 0   0 0 0 0 4 6   0 0 0 0 4 6
-0.403495732 -0.914568980 -0.027476064 7189.026118074 0.914981050 -0.403339014 -0.011272555 -1485.890786363 -0.000772643 -0.029688525 0.999558342 212.545851355
-0.409006345 -0.911834081 -0.035670966 7189.114141733 0.912530250 -0.408627448 -0.017667815 -1485.850298655 0.001533980 -0.039777084 0.999207401 212.154000000
0 0   0 0 0 0 4 7   0 0 0 0 4 7
-0.412374640 -0.910736248 -0.022510672 7188.016357942 0.910939786 -0.411899390 -0.022962411 -1484.232985230 0.011640555 -0.029975003 0.999482290 212.300187114
-0.415557674 -0.908803737 -0.037250327 7188.293467539 0.909566704 -0.415230562 -0.016492125 -1484.018517565 -0.000479369 -0.040735086 0.999169867 212.159000000
0 0   0 0 0 0 4 8   0 0 0 0 4 8
-0.422295565 -0.905983647 -0.029329023 7187.214605089 0.906449448 -0.422210971 -0.009325239 -1482.397525174 -0.003934533 -0.030523305 0.999525729 212.521203221
-0.421737563 -0.905878399 -0.039009672 7187.457296578 0.906712752 -0.421490230 -0.014763834 -1482.191315872 -0.003067957 -0.041597030 0.999129759 212.159000000
0 0   0 0 0 0 4 9   0 0 0 0 4 9
-0.427730283 -0.903450077 -0.028722086 7186.415913642 0.903900785 -0.427622406 -0.010110315 -1480.603646558 -0.003148059 -0.030286424 0.999535747 212.467946530
-0.428074291 -0.902912009 -0.038759585 7186.603466863 0.903741514 -0.427770450 -0.016239379 -1480.363734990 -0.001917475 -0.041980306 0.999116598 212.151000000
0 0   0 0 0 0 5 0   0 0 0 0 5 0
-0.434273287 -0.900491731 -0.022837572 7185.581474632 0.900729690 -0.433838348 -0.021681344 -1478.723506327 0.009616040 -0.029986129 0.999503478 212.470917579
-0.434475575 -0.899789660 -0.040119089 7185.740542743 0.900682615 -0.434110243 -0.017864036 -1478.541927942 -0.001342233 -0.043896053 0.999035202 212.148000000
0 0   0 0 0 0 5 1   0 0 0 0 5 1
-0.444027707 -0.895466415 -0.031295525 7184.819904371 0.895988492 -0.444002283 -0.008139930 -1476.834590557 -0.006606257 -0.031654808 0.999476377 212.421481363
-0.440594940 -0.896686232 -0.042777333 7184.865217992 0.897701101 -0.440249778 -0.017688047 -1476.730800958 -0.002972083 -0.046194523 0.998928042 212.146000000
0 0   0 0 0 0 5 2   0 0 0 0 5 2
-0.440717097 -0.897031790 -0.033204629 7184.006876930 0.897641793 -0.440524220 -0.013313260 -1475.156409062 -0.002685034 -0.035673268 0.999359227 212.587449311
-0.446351482 -0.893754611 -0.044419015 7183.974788903 0.894851072 -0.445989389 -0.018303637 -1474.922202543 -0.003451450 -0.047918259 0.998845297 212.140000000
0 0   0 0 0 0 5 3   0 0 0 0 5 3
-0.442217522 -0.896273958 -0.033716484 7182.903248437 0.896900671 -0.442049075 -0.012704166 -1473.192218897 -0.003517934 -0.035858367 0.999349997 212.388649252
-0.452091322 -0.890849705 -0.044724044 7183.071336498 0.891967020 -0.451682000 -0.019447540 -1473.118268006 -0.002876210 -0.048684436 0.998810069 212.133000000
0 0   0 0 0 0 5 4   0 0 0 0 5 4
-0.467090910 -0.883444206 -0.036777230 7181.599206074 0.884194985 -0.466913770 -0.013796707 -1471.799980069 -0.004983180 -0.038962582 0.999227531 212.332429567
-0.458066695 -0.887813349 -0.044298536 7182.157856668 0.888912197 -0.457672020 -0.019272486 -1471.322426810 -0.003163830 -0.048205593 0.998832424 212.127000000
0 0   0 0 0 0 5 5   0 0 0 0 5 5
-0.463064255 -0.885635775 -0.034942983 7181.015515576 0.886306539 -0.462945562 -0.011905298 -1469.747476956 -0.005632945 -0.036483139 0.999317682 212.353686602
-0.464021600 -0.884736531 -0.043877393 7181.232897207 0.885817161 -0.463641488 -0.019092610 -1469.532024347 -0.003451450 -0.047726731 0.998854467 212.120000000
0 0   0 0 0 0 5 6   0 0 0 0 5 6
-0.465038603 -0.884660143 -0.033402828 7179.935244852 0.885279338 -0.464887871 -0.012621798 -1467.856569471 -0.004362571 -0.035440486 0.999361543 212.510583432
-0.469956343 -0.881654871 -0.042728481 7180.296815333 0.882683641 -0.469580970 -0.019060495 -1467.748499492 -0.003259704 -0.046673332 0.998904888 212.113000000
0 0   0 0 0 0 5 7   0 0 0 0 5 7
-0.479092770 -0.877117963 -0.033680270 7179.170661017 0.877739057 -0.479015402 -0.010858437 -1466.140413837 -0.006609241 -0.034764718 0.999372917 212.401058648
-0.475701099 -0.878566803 -0.042764895 7179.349165741 0.879601644 -0.475305236 -0.019643835 -1465.970658301 -0.003067957 -0.046960666 0.998892028 212.106000000
0 0   0 0 0 0 5 8   0 0 0 0 5 8
-0.491483588 -0.870109059 -0.036800270 7177.864572938 0.870880516 -0.491198119 -0.017060344 -1465.251391298 -0.003231866 -0.040433546 0.999176198 212.446228878
-0.481341052 -0.875487154 -0.042813963 7178.391124638 0.876527333 -0.480944839 -0.019796351 -1464.203492038 -0.003259704 -0.047056405 0.998886915 212.099000000
0 0   0 0 0 0 5 9   0 0 0 0 5 9
-0.509505901 -0.859593697 -0.038763358 7176.795160289 0.860466488 -0.508947960 -0.023852244 -1463.101402077 0.000774697 -0.045507456 0.998962889 212.443536327
-0.486962597 -0.872443196 -0.041355759 7177.419821523 0.873418988 -0.486554615 -0.020096719 -1462.441887702 -0.002588590 -0.045907256 0.998942352 212.092000000
0 0   0 0 0 0 6 0   0 0 0 0 6 0
-0.491548006 -0.870401811 -0.027954665 7176.167665505 0.870846647 -0.491384071 -0.012937157 -1460.827759307 -0.002475960 -0.030703495 0.999524721 212.476318755
-0.492478199 -0.869355263 -0.041068834 7176.439951265 0.870317937 -0.492112858 -0.019277563 -1460.689233292 -0.003451450 -0.045236723 0.998970333 212.087000000
0 0   0 0 0 0 6 1   0 0 0 0 6 1
-0.503883794 -0.863197601 -0.031483552 7175.240632359 0.863753014 -0.503774586 -0.011892831 -1459.134369983 -0.005594754 -0.033186649 0.999432833 212.352910282
-0.497973888 -0.866245919 -0.040497099 7175.450053559 0.867181764 -0.497651880 -0.018395495 -1458.945255048 -0.004218435 -0.044278822 0.999010306 212.080000000
0 0   0 0 0 0 6 2   0 0 0 0 6 2
-0.495813193 -0.867936307 -0.029258636 7174.228064993 0.868414844 -0.495715371 -0.011021813 -1457.307992146 -0.004937733 -0.030873421 0.999510472 212.474409166
-0.503367198 -0.863109370 -0.040788236 7174.452294867 0.864059833 -0.503055276 -0.018330166 -1457.210929010 -0.004697799 -0.044470281 0.998999662 212.072000000
0 0   0 0 0 0 6 3   0 0 0 0 6 3
-0.510099932 -0.859606380 -0.029583182 7173.238857785 0.860077736 -0.510095581 -0.008265265 -1455.653271036 -0.007985380 -0.029659974 0.999527495 212.319137413
-0.508411227 -0.860142132 -0.040908888 7173.446043351 0.861099977 -0.508103714 -0.018369686 -1455.488428848 -0.004985417 -0.044565997 0.998994003 212.062000000
0 0   0 0 0 0 6 4   0 0 0 0 6 4
-0.512490787 -0.858241610 -0.027833456 7172.188684591 0.858677235 -0.512404982 -0.010678568 -1453.838952571 -0.005097215 -0.029372649 0.999554827 212.304965184
-0.513604231 -0.857093911 -0.040009010 7172.431862019 0.858015876 -0.513278462 -0.018814254 -1453.776429547 -0.004410180 -0.043991446 0.999022173 212.052000000
0 0   0 0 0 0 6 5   0 0 0 0 6 5
-0.520425137 -0.853413584 -0.029036981 7170.954437527 0.853878210 -0.520385704 -0.009498683 -1452.709539070 -0.007004129 -0.029737423 0.999532475 212.298269343
-0.518533098 -0.854225995 -0.037701124 7171.410853753 0.855049796 -0.518211977 -0.018606291 -1452.077749800 -0.003643196 -0.041884316 0.999115825 212.042000000
0 0   0 0 0 0 6 6   0 0 0 0 6 6
-0.527159190 -0.849556179 -0.018913706 7170.270235449 0.849750001 -0.526881240 -0.017906089 -1450.813030061 0.005246940 -0.025511310 0.999660036 212.307875177
-0.523440714 -0.851289878 -0.036267928 7170.386629678 0.852049147 -0.523193053 -0.016771407 -1450.393069753 -0.004697799 -0.039680895 0.999201360 212.035000000
0 0   0 0 0 0 6 7   0 0 0 0 6 7
-0.527426969 -0.849131671 -0.028220415 7169.207889305 0.849511705 -0.527560178 -0.003106069 -1448.905134530 -0.012250508 -0.025611828 0.999596203 212.316386924
-0.528248002 -0.848349043 -0.035467592 7169.357823598 0.849067959 -0.528075022 -0.014844909 -1448.719511194 -0.006135885 -0.037956189 0.999260566 212.026000000
0 0   0 0 0 0 6 8   0 0 0 0 6 8
-0.531612578 -0.846617405 -0.025045319 7168.168514930 0.846950926 -0.531631438 -0.006455460 -1447.165112175 -0.007849579 -0.024643989 0.999664808 212.415847604
-0.532717022 -0.845618659 -0.033788443 7168.321042442 0.846269777 -0.532575908 -0.013797332 -1447.056246212 -0.006327629 -0.035944212 0.999333765 212.013000000
0 0   0 0 0 0 6 9   0 0 0 0 6 9
-0.533765657 -0.845389358 -0.020282768 7167.213258708 0.845611835 -0.533765654 -0.005872160 -1445.462925799 -0.005861989 -0.020285735 0.999776422 212.340731831
-0.537089530 -0.842863410 -0.033408202 7167.279561189 0.843497778 -0.536970257 -0.013207625 -1445.405223533 -0.006806987 -0.035273421 0.999354517 212.001000000
0 0   0 0 0 0 7 0   0 0 0 0 7 0
-0.536992740 -0.843273035 -0.023016974 7166.208651454 0.843517653 -0.537097928 -0.001868643 -1443.929454900 -0.010786594 -0.020418701 0.999732718 212.350783730
-0.540802138 -0.840472834 -0.033741107 7166.233478006 0.841117442 -0.540698106 -0.012923127 -1443.766200307 -0.007382215 -0.035369089 0.999347052 211.988000000
0 0   0 0 0 0 7 1   0 0 0 0 7 1
-0.550490657 -0.834267342 -0.030957705 7164.700720629 0.834770113 -0.550548711 -0.007388407 -1443.126554442 -0.010879819 -0.029909841 0.999492722 212.323200978
-0.543771657 -0.838278969 -0.040009435 7165.186240836 0.839177348 -0.543667273 -0.014397018 -1442.137265028 -0.009683103 -0.041403702 0.999095577 211.977000000
0 0   0 0 0 0 7 2   0 0 0 0 7 2
-0.547308905 -0.836388479 -0.030126626 7164.094824516 0.836923015 -0.547100203 -0.015518715 -1441.411017325 -0.003502614 -0.033707222 0.999424941 212.419979560
-0.546014956 -0.836551152 -0.045275141 7164.134519742 0.837702878 -0.545881030 -0.016364303 -1440.521682112 -0.011025264 -0.046862270 0.998840513 211.959000000
0 0   0 0 0 0 7 3   0 0 0 0 7 3
-0.547117299 -0.836739539 -0.023022794 7162.827604556 0.837045761 -0.546770009 -0.019916376 -1439.123466464 0.004076634 -0.030167751 0.999535912 212.188341677
-0.547568992 -0.835753292 -0.041044291 7163.067341715 0.836751306 -0.547134250 -0.022166735 -1438.908868868 -0.003930816 -0.046481681 0.998911409 211.932000000
0 0   0 0 0 0 7 4   0 0 0 0 7 4
-0.547262379 -0.836584359 -0.025117950 7161.692338335 0.836956903 -0.547105388 -0.013361485 -1437.457043138 -0.002564163 -0.028334909 0.999594568 212.114579418
-0.550137142 -0.834350003 -0.034773521 7162.007594585 0.835072914 -0.549582548 -0.024743693 -1437.299371853 0.001533980 -0.042650851 0.999088861 211.921000000
0 0   0 0 0 0 7 5   0 0 0 0 7 5
-0.545578458 -0.837845248 -0.018969264 7160.759922862 0.838051687 -0.545531028 -0.008054641 -1435.786230376 -0.003599786 -0.020291700 0.999786967 212.129975232
-0.553016812 -0.832634569 -0.029867715 7160.954900235 0.833170044 -0.552673700 -0.019479709 -1435.708660497 -0.000287621 -0.035657492 0.999364028 211.925000000
0 0   0 0 0 0 7 6   0 0 0 0 7 6
-0.555903836 -0.831080766 -0.016616407 7159.808717286 0.831213364 -0.555948859 -0.002210719 -1434.272472670 -0.007400589 -0.015040765 0.999858907 212.220560307
-0.555724571 -0.830906229 -0.027659373 7159.901199147 0.831355272 -0.555582098 -0.013302036 -1434.123713028 -0.004314308 -0.030387034 0.999528897 211.925000000
0 0   0 0 0 0 7 7   0 0 0 0 7 7
-0.549890952 -0.835210552 -0.006613593 7158.889912620 0.835234931 -0.549859423 -0.006077349 -1432.762575040 0.001439311 -0.008865826 0.999959114 212.214585663
-0.558345716 -0.829172587 -0.026886460 7158.841872555 0.829583510 -0.558286624 -0.010355927 -1432.540342334 -0.006423500 -0.028086751 0.999584850 211.917000000
0 0   0 0 0 0 7 8   0 0 0 0 7 8
-0.560740792 -0.827867212 -0.014356507 7157.460485707 0.827933658 -0.560822023 0.002057364 -1431.150103415 -0.009754672 -0.010732628 0.999894300 212.147132477
-0.561051236 -0.827434303 -0.023957991 7157.777778984 0.827765481 -0.560983296 -0.010102002 -1430.965417652 -0.005081289 -0.025499339 0.999661925 211.903000000
0 0   0 0 0 0 7 9   0 0 0 0 7 9
-0.567523330 -0.823346898 -0.004193102 7156.485243821 0.823347238 -0.567484381 -0.007781805 -1430.241574143 0.004027594 -0.007868779 0.999960404 212.096921261
-0.564464950 -0.825232951 -0.019232697 7156.713222409 0.825454342 -0.564369408 -0.010597158 -1429.400635252 -0.002109222 -0.021857437 0.999758873 211.891000000
0 0   0 0 0 0 8 0   0 0 0 0 8 0
-0.568253423 -0.822801220 -0.009304484 7155.702650716 0.822828354 -0.568288068 0.001372461 -1428.755683693 -0.006416891 -0.006876132 0.999955199 212.346126538
-0.568016541 -0.822802102 -0.018812495 7155.654939815 0.823004802 -0.567984768 -0.007509895 -1427.853729810 -0.004506054 -0.019748518 0.999794825 211.889000000
0 0   0 0 0 0 8 1   0 0 0 0 8 1
-0.567306399 -0.823506808 0.000616071 7154.854150374 0.823504900 -0.567306692 -0.001585226 -1426.532796321 0.001654940 -0.000392020 0.999998007 212.191952686
-0.571469567 -0.820364598 -0.020602425 7154.595169321 0.820581838 -0.571512850 -0.004302352 -1426.316056313 -0.008245053 -0.019364640 0.999778490 211.882000000
0 0   0 0 0 0 8 2   0 0 0 0 8 2
-0.573661580 -0.819029546 -0.010171045 7153.508704631 0.819008657 -0.573736296 0.007160740 -1424.943799210 -0.011700350 -0.004222378 0.999922115 212.314387861
-0.574771523 -0.818065748 -0.020152596 7153.526686207 0.818277086 -0.574805034 -0.004667245 -1424.781028661 -0.007765700 -0.019173007 0.999786022 211.866000000
0 0   0 0 0 0 8 3   0 0 0 0 8 3
-0.566465878 -0.824081057 -0.002706026 7152.571123888 0.824075020 -0.566472214 0.003077590 -1423.277389311 -0.004069073 -0.000486667 0.999991056 212.209376564
-0.577836619 -0.815944915 -0.018404826 7152.452940261 0.816136042 -0.577821100 -0.006688607 -1423.253998580 -0.005177162 -0.018885764 0.999808244 211.850000000
0 0   0 0 0 0 8 4   0 0 0 0 8 4
-0.587297566 -0.809297000 -0.010976264 7150.879050119 0.809320428 -0.587358530 0.003217491 -1422.803820257 -0.009050896 -0.006993733 0.999933993 212.257556301
-0.580809481 -0.813877274 -0.016252062 7151.379573528 0.814030033 -0.580783353 -0.006767742 -1421.740301606 -0.003930816 -0.017160435 0.999845022 211.839000000
0 0   0 0 0 0 8 5   0 0 0 0 8 5
-0.582441865 -0.812795018 -0.011238127 7150.044456462 0.812771032 -0.582531903 0.007735010 -1420.602478059 -0.012833551 -0.004628878 0.999906344 212.112929183
-0.583379268 -0.812063199 -0.014899373 7150.304790062 0.812184570 -0.583382713 -0.004564447 -1420.236849236 -0.004985417 -0.014763845 0.999878580 211.832000000
0 0   0 0 0 0 8 6   0 0 0 0 8 6
-0.586742556 -0.809760127 -0.004711482 7149.090261411 0.809689034 -0.586755441 0.011030714 -1418.969884255 -0.011696722 0.002657299 0.999927483 212.118687931
-0.585397349 -0.810642149 -0.013009626 7149.227264411 0.810721088 -0.585430741 -0.001471345 -1418.739286740 -0.006423500 -0.011408500 0.999914289 211.823000000
0 0   0 0 0 0 8 7   0 0 0 0 8 7
-0.591643625 -0.806155098 -0.008499113 7147.972686616 0.806043889 -0.591703612 0.013418323 -1417.294073381 -0.015846201 0.001088155 0.999873268 212.136943740
-0.586947653 -0.809549460 -0.011050937 7148.149913783 0.809592953 -0.586991052 0.000869215 -1417.246482710 -0.007190473 -0.008436577 0.999938559 211.811000000
0 0   0 0 0 0 8 8   0 0 0 0 8 8
-0.587648140 -0.809091267 -0.006440023 7146.550515467 0.809015496 -0.587681856 0.011133941 -1416.784118310 -0.012793051 0.001332709 0.999916730 212.113551334
-0.588111758 -0.808721771 -0.009677707 7147.072660512 0.808748556 -0.588151991 0.001734390 -1415.759549930 -0.007094602 -0.006806816 0.999951666 211.797000000
0 0   0 0 0 0 8 9   0 0 0 0 8 9
-0.591953439 -0.805939526 -0.007283626 7145.995208638 0.805860564 -0.591997648 0.011290221 -1415.370742144 -0.013411106 0.000813646 0.999909227 212.194645393
-0.588808131 -0.808233360 -0.007988851 7145.996144792 0.808239128 -0.588845084 0.003313424 -1414.281381886 -0.007382215 -0.004505931 0.999962599 211.784000000
0 0   0 0 0 0 9 0   0 0 0 0 9 0
-0.585067570 -0.810929999 0.009424520 7144.957658512 0.810980811 -0.584990415 0.009806994 -1412.952498431 -0.002439526 0.013380799 0.999906969 212.095942339
-0.589349601 -0.807852145 -0.006477603 7144.921786696 0.807842610 -0.589379927 0.004649599 -1412.808753560 -0.007573958 -0.002492645 0.999968210 211.770000000
0 0   0 0 0 0 9 1   0 0 0 0 9 1
-0.585536904 -0.810639111 0.003319278 7143.909604698 0.810570841 -0.585422234 0.015984437 -1411.329230742 -0.011014417 0.012049927 0.999866194 212.097883106
-0.589891651 -0.807470048 -0.004467943 7143.849144573 0.807446887 -0.589908571 0.006115744 -1411.339823865 -0.007573958 0.000000000 0.999971317 211.756000000
0 0   0 0 0 0 9 2   0 0 0 0 9 2
-0.581900240 -0.813221664 0.007928847 7142.648808992 0.813211720 -0.581731429 0.016584257 -1409.935245461 -0.008874208 0.016098151 0.999830531 212.278520989
-0.590435106 -0.807081808 -0.002311176 7142.777434010 0.807053085 -0.590434765 0.007218444 -1409.873124635 -0.007190473 0.002396781 0.999971276 211.742000000
0 0   0 0 0 0 9 3   0 0 0 0 9 3
-0.592826917 -0.805287387 0.008285707 7141.570908887 0.805288332 -0.592660273 0.016257279 -1408.616837676 -0.008181164 0.016310067 0.999833033 212.034018920
-0.590978780 -0.806687026 -0.000351922 7141.706540672 0.806659978 -0.590962429 0.007942698 -1408.407877324 -0.006615244 0.004410084 0.999968394 211.728000000
0 0   0 0 0 0 9 4   0 0 0 0 9 4
-0.588215265 -0.808591257 0.013532515 7140.594508978 0.808696218 -0.588051787 0.014327263 -1406.999067603 -0.003627075 0.019371141 0.999805331 212.199126199
-0.591442757 -0.806346420 0.000957737 7140.636398828 0.806319852 -0.591412691 0.008906422 -1406.945952786 -0.006615244 0.006039881 0.999959878 211.716000000
0 0   0 0 0 0 9 5   0 0 0 0 9 5
-0.585993310 -0.810227801 0.011957070 7139.670310883 0.810255163 -0.585704803 0.020887159 -1405.609498203 -0.009920035 0.021927940 0.999709922 212.058593907
-0.591670311 -0.806178192 0.001722446 7139.567164086 0.806143546 -0.591621856 0.010777848 -1405.487431977 -0.007669829 0.007765471 0.999940434 211.704000000
0 0   0 0 0 0 9 6   0 0 0 0 9 6
-0.587816456 -0.808908849 0.011771088 7138.583965717 0.808926807 -0.587516882 0.021476366 -1404.109395508 -0.010456702 0.022146034 0.999699699 212.136258933
-0.591968430 -0.805961148 -0.000071148 7138.499293229 0.805901823 -0.591925924 0.012081051 -1404.029689377 -0.009778972 0.007094262 0.999927019 211.692000000
0 0   0 0 0 0 9 7   0 0 0 0 9 7
-0.586176956 -0.810148353 0.007517598 7137.395015070 0.810103050 -0.585963118 0.019499178 -1403.326167440 -0.011392185 0.017519922 0.999781282 212.129543545
-0.592332730 -0.805685274 -0.003629895 7137.433225280 0.805587944 -0.592322061 0.013514460 -1402.574636017 -0.013038468 0.005080858 0.999902087 211.676000000
0 0   0 0 0 0 9 8   0 0 0 0 9 8
-0.595902640 -0.803042428 0.004829476 7136.570099222 0.802957702 -0.595723583 0.019298132 -1402.042499482 -0.012620182 0.015377600 0.999801824 212.233578766
-0.592180301 -0.805793142 -0.004461290 7136.361596390 0.805704602 -0.592184691 0.012545357 -1401.118589345 -0.012750871 0.003834631 0.999911352 211.652000000
0 0   0 0 0 0 9 9   0 0 0 0 9 9
-0.584159122 -0.811610340 0.006880373 7135.488542739 0.811562435 -0.583965810 0.018723172 -1399.653198775 -0.011178015 0.016521089 0.999800831 211.968990850
-0.592201770 -0.805783859 -0.003071708 7135.289494549 0.805733813 -0.592201286 0.009521529 -1399.660149121 -0.009491364 0.003163688 0.999949951 211.627000000
0 0   0 0 0 1 0 0   0 0 0 1 0 0
-0.591891708 -0.805959649 0.009685771 7134.479200686 0.805939242 -0.591623521 0.021064915 -1398.163229518 -0.011247145 0.020274213 0.999731016 212.015840636
-0.592288443 -0.805724555 -0.001530235 7134.220902739 0.805689502 -0.592278618 0.008394312 -1398.205490456 -0.007669829 0.003738960 0.999963596 211.609000000
0 0   0 0 0 1 0 1   0 0 0 1 0 1
-0.588766045 -0.808234251 0.010606473 7133.338894369 0.808242339 -0.588508927 0.020042575 -1396.772127481 -0.009957092 0.020372911 0.999742679 211.944186664
-0.592288005 -0.805726307 -0.000196556 7133.154294212 0.805688906 -0.592262828 0.009493654 -1396.754677861 -0.007765700 0.005464615 0.999954915 211.596000000
0 0   0 0 0 1 0 2   0 0 0 1 0 2
-0.590029432 -0.807318740 0.010115244 7132.165286452 0.807283151 -0.589714842 0.023032647 -1395.441229182 -0.012629579 0.021755728 0.999683306 211.965386655
-0.592128679 -0.805843390 0.000241947 7132.088449299 0.805796197 -0.592090699 0.011004198 -1395.303619538 -0.008724406 0.006710861 0.999939423 211.582000000
0 0   0 0 0 1 0 3   0 0 0 1 0 3
-0.590969526 -0.806663994 0.006990911 7130.976925036 0.806580109 -0.590718012 0.021931609 -1394.073830184 -0.013561790 0.018599574 0.999734751 211.953571655
-0.591580845 -0.806245363 -0.000719872 7131.023600437 0.806184029 -0.591546411 0.011838670 -1393.851728269 -0.009970710 0.006423181 0.999929661 211.567000000
0 0   0 0 0 1 0 4   0 0 0 1 0 4
-0.599896265 -0.800018937 0.009744615 7129.940146813 0.799958472 -0.599551363 0.024596095 -1392.681046753 -0.013834949 0.022550316 0.999649754 212.055056476
-0.590648958 -0.806928626 -0.000019554 7129.958735179 0.806858451 -0.590597912 0.013173709 -1392.402494026 -0.010641791 0.007765260 0.999913223 211.549000000
0 0   0 0 0 1 0 5   0 0 0 1 0 5
-0.583292952 -0.812166885 0.012459099 7128.906371022 0.812201924 -0.582993937 0.021133572 -1391.053756841 -0.009900416 0.022446289 0.999698886 211.825331118
-0.589572212 -0.807712817 0.002147734 7128.894843820 0.807659904 -0.589498175 0.013318408 -1390.952801844 -0.009491364 0.009586801 0.999908999 211.529000000
0 0   0 0 0 1 0 6   0 0 0 1 0 6
-0.596048202 -0.802901390 0.008771613 7127.406568585 0.802916124 -0.595888947 0.015578423 -1390.320881080 -0.007281043 0.016328285 0.999840073 211.969784712
-0.588965835 -0.808151995 0.003098057 7127.836167296 0.808130067 -0.588909366 0.010561863 -1389.497744558 -0.006711116 0.008724209 0.999939423 211.510000000
0 0   0 0 0 1 0 7   0 0 0 1 0 7
-0.588340764 -0.808559659 0.009356313 7126.856345382 0.808566005 -0.588140999 0.017660060 -1388.699371912 -0.008776395 0.017955250 0.999800222 211.960673190
-0.588345832 -0.808608778 0.001013003 7126.783320197 0.808581562 -0.588314709 0.009036608 -1388.048373148 -0.006711116 0.006135747 0.999958656 211.499000000
0 0   0 0 0 1 0 8   0 0 0 1 0 8
-0.582980005 -0.812446641 0.008120170 7125.628382260 0.812452539 -0.582833770 0.015047847 -1386.700480429 -0.007492880 0.015369772 0.999853815 211.900492641
-0.587336552 -0.809342621 0.000544958 7125.728634066 0.809312543 -0.587308636 0.009042881 -1386.602590840 -0.006998730 0.005752255 0.999958964 211.487000000
0 0   0 0 0 1 0 9   0 0 0 1 0 9
-0.584054581 -0.811646993 0.010513253 7124.590137006 0.811682319 -0.583865631 0.016537804 -1385.303478775 -0.007284549 0.018192320 0.999808010 211.763069938
-0.586028326 -0.810276774 0.004727647 7124.671064470 0.810284758 -0.585992060 0.007205341 -1385.150614364 -0.003067957 0.008053275 0.999962866 211.471000000
0 0   0 0 0 1 1 0   0 0 0 1 1 0
-0.580030875 -0.814386149 0.018450567 7123.562652578 0.814588841 -0.579788665 0.017054028 -1383.882198014 -0.003191156 0.024921406 0.999684340 211.824235029
-0.585253813 -0.810802571 0.008784367 7123.622214323 0.810850155 -0.585219468 0.006340363 -1383.698636681 -0.000000000 0.010833527 0.999941316 211.464000000
0 0   0 0 0 1 1 1   0 0 0 1 1 1
-0.584650892 -0.811175021 0.013395852 7122.439060059 0.811240283 -0.584363875 0.020217678 -1382.413337448 -0.008572042 0.022687460 0.999705820 211.771329884
-0.584552006 -0.811304720 0.009143564 7122.583733152 0.811352113 -0.584475955 0.009777810 -1382.253431058 -0.002588590 0.013134289 0.999910391 211.466000000
0 0   0 0 0 1 1 2   0 0 0 1 1 2
-0.587111617 -0.809330080 0.016905261 7121.274701740 0.809447752 -0.586689076 0.024308818 -1381.259314400 -0.009755743 0.027955832 0.999561455 211.788600106
-0.583611196 -0.811987817 0.008588135 7121.543644032 0.812014194 -0.583492450 0.013019609 -1380.806604601 -0.005560652 0.014572077 0.999878359 211.462000000
0 0   0 0 0 1 1 3   0 0 0 1 1 3
-0.586361036 -0.809896749 0.015781663 7120.417612934 0.810004082 -0.586007696 0.022114773 -1379.767164474 -0.008662526 0.025750374 0.999630775 211.804442297
