[section sign] DEMO on 2024-10-09 04:21:25 rot_test 10.000 rotation_best_modelrmae:0.044/0.044 tmae:0.020234/0.018
00 000000 000000
0.998198130 0.008689776 0.059370677 14.087815963 -0.012788964 0.997533495 0.069016945 3.469939288 -0.058624494 -0.069651868 0.995847254 32.517229039
0.998206079 0.008600466 0.059250724 14.077300072 -0.012748789 0.997465909 0.069994926 3.463629961 -0.058498587 -0.070624731 0.995786130 32.514598846
00 000001 000001
0.998358355 0.005069120 0.057051471 14.809034872 -0.008910082 0.997694849 0.067273024 3.428381078 -0.056578937 -0.067670908 0.996102170 32.478114559
0.998327792 0.005796512 0.057515148 14.764300346 -0.009676419 0.997678339 0.067411602 3.457989931 -0.056990866 -0.067855418 0.996066093 32.479598999
00 000002 000002
0.998426012 0.000308406 0.056083211 15.479809831 -0.004092625 0.997719496 0.067372876 3.414471768 -0.055934528 -0.067496366 0.996150409 32.438277484
0.998417974 0.001695341 0.056202058 15.463199615 -0.005514070 0.997679532 0.067861266 3.459229946 -0.055956595 -0.068063810 0.996110499 32.440498352
00 000003 000003
0.998456570 -0.002061609 0.055499042 16.205438315 -0.001759366 0.997635081 0.068710932 3.446240918 -0.055509439 -0.068702533 0.996091716 32.403323354
0.998474777 -0.002286721 0.055162892 16.181100845 -0.001471148 0.997685134 0.067986555 3.463740110 -0.055190668 -0.067964010 0.996160090 32.398300171
00 000004 000004
0.998467313 -0.006067787 0.055011443 16.934334547 0.002267016 0.997621641 0.068891496 3.428130470 -0.055298617 -0.068661199 0.996106335 32.386633563
0.998487711 -0.007271979 0.054492816 16.912900925 0.003504267 0.997615993 0.068920553 3.470319986 -0.054864094 -0.068625361 0.996132791 32.356998444
00 000005 000005
0.998446921 -0.010030615 0.054802360 17.647282313 0.006279791 0.997652600 0.068191161 3.490071566 -0.055357710 -0.067741107 0.996166077 32.313416421
0.998459816 -0.011675645 0.054237362 17.658700943 0.007962786 0.997641683 0.068174183 3.475739956 -0.054905429 -0.067637302 0.996198058 32.319698334
00 000006 000006
0.998427720 -0.015139592 0.053972821 18.456122545 0.011432980 0.997597052 0.068334626 3.472995240 -0.054877677 -0.067610114 0.996201552 32.280205819
0.998441458 -0.016300822 0.053375758 18.420000076 0.012578196 0.997512996 0.069351465 3.492130041 -0.054373499 -0.068572007 0.996163368 32.281600952
00 000007 000007
0.998376934 -0.020901339 0.052979709 19.203634056 0.017110777 0.997328385 0.071017726 3.479462906 -0.054322524 -0.069995934 0.996067212 32.221123322
0.998382330 -0.021296050 0.052718107 19.196699142 0.017489089 0.997276485 0.071649969 3.513600111 -0.054100391 -0.070612065 0.996035695 32.241001129
00 000008 000008
0.998217238 -0.025549698 0.053942676 20.010242908 0.021614679 0.997147955 0.072311745 3.568148981 -0.055636358 -0.071016871 0.995922487 32.198968250
0.998231471 -0.025764911 0.053573661 19.985500336 0.021845138 0.997128665 0.072506271 3.537810087 -0.055287953 -0.071207710 0.995928049 32.196399689
00 000009 000009
0.997999290 -0.029520437 0.055912175 20.812131055 0.025496087 0.997124118 0.071370244 3.559365369 -0.057858238 -0.069801905 0.995881829 32.144896582
0.997955024 -0.030191684 0.056340162 20.788499832 0.026093170 0.997054994 0.072114758 3.564800024 -0.058351506 -0.070497192 0.995803833 32.152999878
00 000010 000010
0.997691450 -0.033208657 0.059237880 21.608484311 0.028984290 0.997069594 0.070798687 3.555788527 -0.061415393 -0.068918272 0.995730385 32.124568918
0.997687340 -0.033825364 0.058956135 21.601200104 0.029598290 0.997026145 0.071153522 3.587790012 -0.061187599 -0.069243968 0.995721519 32.113498688
00 000011 000011
0.997610411 -0.036341683 0.058761253 22.418656089 0.032071384 0.996885405 0.072049991 3.622595687 -0.061196626 -0.069993261 0.995668879 32.075172782
0.997572124 -0.036715649 0.059176147 22.418800354 0.032400664 0.996856749 0.072296694 3.622859955 -0.061644562 -0.070203818 0.995626092 32.067798615
00 000012 000012
0.997540858 -0.038169007 0.058783377 23.245801761 0.033914394 0.996846125 0.071748737 3.660184349 -0.061336534 -0.069578690 0.995689299 32.007995169
0.997524679 -0.038856782 0.058605999 23.241600037 0.034625839 0.996835291 0.071557194 3.656500101 -0.061201014 -0.069350779 0.995713234 32.017501831
00 000013 000013
0.997603452 -0.038346900 0.057593809 24.117182250 0.034323420 0.997005747 0.069294248 3.689575753 -0.060078557 -0.067151357 0.995932617 31.970063766
0.997521937 -0.039979152 0.057892993 24.075500488 0.035957120 0.996973813 0.068922848 3.685780048 -0.060473271 -0.066670388 0.995940804 31.971700668
00 000014 000014
0.997399260 -0.041617593 0.058846498 24.946677503 0.037481457 0.996862002 0.069724211 3.733310561 -0.061563573 -0.067337213 0.995829383 31.905062375
0.997395158 -0.041855857 0.058745332 24.917999268 0.037758820 0.996888041 0.069199391 3.721839905 -0.061458915 -0.066800982 0.995871723 31.924600601
00 000015 000015
0.997236849 -0.044285380 0.059646105 25.792968474 0.040184080 0.996856125 0.068287998 3.767598197 -0.062482727 -0.065702473 0.995881326 31.897187444
0.997327566 -0.043258023 0.058876894 25.773399353 0.039262228 0.996952534 0.067410074 3.757620096 -0.061613493 -0.064918287 0.995986640 31.881000519
00 000016 000016
0.997316551 -0.045687219 0.057206486 26.629926241 0.041628089 0.996661045 0.070242023 3.798466015 -0.060224625 -0.067672124 0.995888518 31.827724812
0.997364104 -0.045185845 0.056772705 26.631900787 0.041208807 0.996739507 0.069370165 3.797379971 -0.059722144 -0.066847779 0.995974243 31.831300735
00 000017 000017
0.997472919 -0.045605519 0.054480984 27.494668914 0.041723043 0.996646481 0.070391396 3.845684149 -0.057508508 -0.067940382 0.996030803 31.774887091
0.997442484 -0.046518549 0.054263908 27.499399185 0.042664375 0.996624112 0.070143275 3.840009928 -0.057343684 -0.067648746 0.996059895 31.783199310
00 000018 000018
0.997471940 -0.048123797 0.052288480 28.418418027 0.044204050 0.996300481 0.073696649 3.890407826 -0.055641592 -0.071198959 0.995909247 31.703953561
0.997471988 -0.047895927 0.052493528 28.376800537 0.043984041 0.996339560 0.073299728 3.888230085 -0.055812135 -0.070805550 0.995927513 31.733100891
00 000019 000019
0.997415211 -0.048416234 0.053094165 29.278586254 0.044354655 0.996183189 0.075176861 3.951204080 -0.056531285 -0.072627554 0.995755977 31.695475771
0.997392058 -0.049416818 0.052602790 29.265100479 0.045437220 0.996197701 0.074334301 3.938580036 -0.056076147 -0.071750320 0.995845020 31.686399460
00 000020 000020
0.997251203 -0.049766054 0.054895370 30.185411872 0.045667271 0.996245444 0.073548624 3.984996894 -0.058349473 -0.070839518 0.995779902 31.636988195
0.997255743 -0.050442431 0.054190118 30.164199829 0.046395727 0.996215224 0.073502615 3.982130051 -0.057692669 -0.070786722 0.995821655 31.641799927
00 000021 000021
0.997055626 -0.051835671 0.056508318 31.104122535 0.047575594 0.996100994 0.074291099 4.044355523 -0.060138907 -0.071383928 0.995634542 31.587653195
0.997097075 -0.051681340 0.055915333 31.063699722 0.047502398 0.996152401 0.073646963 4.027379990 -0.059506364 -0.070777059 0.995715618 31.595100403
00 000022 000022
0.996989979 -0.052804907 0.056768828 31.983561568 0.048561226 0.996097399 0.073698801 4.063293395 -0.060438930 -0.070720185 0.995663751 31.557252811
0.996988297 -0.053303182 0.056330848 31.977300644 0.049090546 0.996072114 0.073691696 4.077799797 -0.060037587 -0.070704453 0.995688915 31.549499512
00 000023 000023
0.997011316 -0.053408912 0.055821918 32.893064831 0.049249038 0.996084837 0.073411716 4.116490810 -0.059524195 -0.070443114 0.995738540 31.492225605
0.996994376 -0.054453213 0.055109959 32.882900238 0.050345067 0.996033192 0.073370755 4.127630234 -0.058886621 -0.070375718 0.995780885 31.495899200
00 000024 000024
0.996964406 -0.054990808 0.055119439 33.826654251 0.050941609 0.996077072 0.072354439 4.189440103 -0.058882027 -0.069326904 0.995855064 31.456179454
0.996916234 -0.056244738 0.054721966 33.802799225 0.052207470 0.995993614 0.072602011 4.181700230 -0.058586210 -0.069521226 0.995858669 31.450300217
00 000025 000025
0.996911490 -0.054560491 0.056486235 34.765943198 0.050402776 0.996087774 0.072583291 4.240440992 -0.060225420 -0.069512033 0.995761765 31.404221069
0.996851742 -0.055642273 0.056485280 34.725299835 0.051479690 0.996028006 0.072649933 4.237820148 -0.060303327 -0.069513366 0.995756686 31.401599884
00 000026 000026
0.996755933 -0.053496239 0.060131347 35.670154174 0.049006357 0.996067050 0.073813224 4.292987316 -0.063843581 -0.070626933 0.995457815 31.349726717
0.996697247 -0.054816451 0.059914865 35.652599335 0.050365586 0.996027887 0.073428765 4.288489819 -0.063701980 -0.070168599 0.995499074 31.347499847
00 000027 000027
0.996505008 -0.053470998 0.064176352 36.582051754 0.048677165 0.996064180 0.074069753 4.338915778 -0.067884347 -0.070686943 0.995186147 31.305895815
0.996461213 -0.055064384 0.063505881 36.590900421 0.050324667 0.995990515 0.073962010 4.340539932 -0.067323931 -0.070504367 0.995236993 31.297100067
00 000028 000028
0.996339904 -0.052634006 0.067352632 37.553297120 0.047665379 0.996165337 0.073364164 4.372122187 -0.070955805 -0.069885244 0.995028473 31.242956111
0.996340334 -0.053491361 0.066668190 37.531101227 0.048577871 0.996128976 0.073261440 4.387370110 -0.070328973 -0.069754735 0.995081961 31.241399765
00 000029 000029
0.996374140 -0.050759140 0.068278359 38.485711912 0.045758936 0.996288526 0.072903641 4.432313027 -0.071725472 -0.069514950 0.994999183 31.202189385
0.996399820 -0.051048048 0.067686528 38.476799011 0.046091218 0.996275485 0.072874680 4.436279774 -0.071154542 -0.069492564 0.995041609 31.183000565
00 000030 000030
0.996684651 -0.048138608 0.065590737 39.411999593 0.043299243 0.996368929 0.073305127 4.485670976 -0.068881382 -0.070222059 0.995150436 31.133750857
0.996605277 -0.050486170 0.065030940 39.424301147 0.045684736 0.996261835 0.073315814 4.484379768 -0.068489283 -0.070096008 0.995186329 31.125999451
00 000031 000031
0.996965271 -0.047830826 0.061418326 40.366820670 0.043258208 0.996338815 0.073736888 4.474139854 -0.064720363 -0.070856263 0.995384746 31.064188260
0.996986330 -0.048645865 0.060430024 40.375301361 0.044098463 0.996250629 0.074431658 4.531030178 -0.063824236 -0.071542472 0.995393455 31.065099716
00 000032 000032
0.997169977 -0.047194614 0.058518796 41.348033356 0.042836026 0.996365500 0.073622582 4.560312103 -0.061780706 -0.070907511 0.995567820 31.015904478
0.997187674 -0.047877070 0.057658412 41.334701538 0.043574389 0.996328056 0.073699929 4.575369835 -0.060975228 -0.070980236 0.995612264 31.009000778
00 000033 000033
0.997080941 -0.047736636 0.059585825 42.345039227 0.043418563 0.996475280 0.071771682 4.617270041 -0.062801954 -0.068975044 0.995639610 30.965000265
0.997144997 -0.047155540 0.058976229 42.306098938 0.042896040 0.996516645 0.071515515 4.620429993 -0.062143147 -0.068781495 0.995694399 30.954000473
00 000034 000034
0.996965811 -0.043986560 0.064218225 43.325910613 0.039635613 0.996929776 0.067522589 4.664498651 -0.066991165 -0.064772379 0.995648824 30.904828906
0.996872127 -0.046494756 0.063907430 43.284599304 0.042083103 0.996747613 0.068725452 4.663030148 -0.066894948 -0.065821066 0.995586574 30.899799347
00 000035 000035
0.996621246 -0.046777562 0.067510620 44.277356609 0.042386043 0.996979208 0.065077923 4.718647108 -0.070350894 -0.061996520 0.995593845 30.841372412
0.996573865 -0.047260843 0.067874365 44.258899689 0.042848174 0.996961057 0.065059140 4.706059933 -0.070742846 -0.061927944 0.995570362 30.842199326
00 000036 000036
0.996568217 -0.047219973 0.067984894 45.247394589 0.043389782 0.997444494 0.056754614 4.760928312 -0.070491135 -0.053609973 0.996070763 30.772750486
0.996514559 -0.047804747 0.068362609 45.240398407 0.043917045 0.997391522 0.057283867 4.743999958 -0.070922732 -0.054081924 0.996014595 30.788600922
00 000037 000037
0.996659248 -0.048483376 0.065723801 46.237523504 0.044930423 0.997502026 0.054500416 4.797621811 -0.068202009 -0.051365322 0.996348407 30.727083186
0.996696413 -0.048695058 0.064999998 46.225200653 0.045124859 0.997449100 0.055308532 4.787909985 -0.067527443 -0.052192699 0.996351302 30.728799820
00 000038 000038
0.996823134 -0.050689358 0.061433740 47.187949009 0.047302851 0.997343965 0.055379527 4.847868142 -0.064077736 -0.052297582 0.996573660 30.667332063
0.996832192 -0.050631676 0.061335061 47.205299377 0.047215194 0.997317910 0.055926424 4.836200237 -0.064002201 -0.052853316 0.996549189 30.666000366
00 000039 000039
0.996806885 -0.052247806 0.060383444 48.207684058 0.048884201 0.997238706 0.055900219 4.889386794 -0.063137385 -0.052769906 0.996608774 30.609331118
0.996811748 -0.052367192 0.060199931 48.197498322 0.048997171 0.997219026 0.056156330 4.889969826 -0.062973261 -0.053027663 0.996605456 30.603799820
00 000040 000040
0.996643034 -0.052651649 0.062694285 49.239179049 0.049272490 0.997309214 0.054277988 4.932935633 -0.065383431 -0.051006650 0.996555767 30.548864796
0.996674359 -0.052706193 0.062146928 49.208801270 0.049320556 0.997278035 0.054808695 4.942850113 -0.064866528 -0.051561296 0.996560991 30.551300049
00 000041 000041
0.996372019 -0.055789943 0.064268404 50.232865417 0.052194750 0.997047056 0.056323816 4.983269752 -0.067220945 -0.052764974 0.996341965 30.477635862
0.996453881 -0.054162294 0.064389944 50.202301025 0.050484009 0.997071564 0.057442196 5.005320072 -0.067312583 -0.053987838 0.996270239 30.486799240
00 000042 000042
0.996340303 -0.054311715 0.066002370 51.265685756 0.050493069 0.997026353 0.058209477 5.074970434 -0.068967580 -0.054663762 0.996120173 30.414152000
0.996304333 -0.054546721 0.066350117 51.210700989 0.050710637 0.997016847 0.058187936 5.063280106 -0.069326147 -0.054608237 0.996098280 30.429300308
00 000043 000043
0.996058334 -0.055333524 0.069325620 52.225626748 0.051299461 0.996957645 0.058678961 5.083032385 -0.072361644 -0.054891278 0.995866832 30.381003547
0.996058047 -0.056078084 0.068728514 52.208900452 0.052073669 0.996914625 0.058733474 5.118909836 -0.071810119 -0.054923009 0.995904982 30.365600586
00 000044 000044
0.995738006 -0.055863017 0.073383522 53.226483170 0.051578787 0.996922219 0.059034449 5.201178560 -0.076455529 -0.054997788 0.995555047 30.315310881
0.995776653 -0.056238398 0.072567850 53.215198517 0.051985405 0.996890247 0.059222639 5.177949905 -0.075672768 -0.055200055 0.995603621 30.311599731
00 000045 000045
0.995615434 -0.056804610 0.074317101 54.236846829 0.052128228 0.996624186 0.063420286 5.260140672 -0.077668807 -0.059268178 0.995216002 30.228880174
0.995624542 -0.056809790 0.074191950 54.219699860 0.052110210 0.996600389 0.063813612 5.239900112 -0.077564962 -0.059668243 0.995200157 30.232900620
00 000046 000046
0.995679234 -0.055416219 0.074510186 55.236049443 0.050742802 0.996708618 0.063216815 5.331362749 -0.077768202 -0.059162796 0.995214520 30.182196263
0.995600879 -0.057027210 0.074342273 55.214500427 0.052288450 0.996566057 0.064202428 5.302140236 -0.077748276 -0.060032748 0.995163918 30.168399811
00 000047 000047
0.995764708 -0.055454105 0.073330627 56.200032607 0.050825284 0.996683261 0.063550243 5.349164053 -0.076611548 -0.059554023 0.995280892 30.120445024
0.995709360 -0.056688644 0.073138580 56.203800201 0.052046627 0.996599078 0.063886166 5.358359814 -0.076511458 -0.059805442 0.995273471 30.106399536
00 000048 000048
0.995927917 -0.055371290 0.071144216 57.230072072 0.050780042 0.996605181 0.064799012 5.424243731 -0.074490719 -0.060922428 0.995359004 30.047191763
0.995893598 -0.056386881 0.070826732 57.206600189 0.051699944 0.996456087 0.066350684 5.419350147 -0.074317038 -0.062416479 0.995279431 30.039600372
00 000049 000049
0.995888168 -0.056555787 0.070767646 58.228052819 0.051899696 0.996469422 0.065988368 5.456738959 -0.074249845 -0.062044207 0.995307641 29.974925561
0.995807886 -0.057560932 0.071087256 58.188899994 0.052853953 0.996391654 0.066409230 5.473889828 -0.074653320 -0.062373593 0.995256960 29.977100372
00 000050 000050
0.995658137 -0.058065463 0.072753588 59.233248973 0.053438858 0.996517494 0.064002945 5.527380414 -0.076216616 -0.059837175 0.995294067 29.915147359
0.995627165 -0.058622066 0.072732195 59.180500031 0.053997081 0.996487677 0.064004757 5.529359818 -0.076228827 -0.059797548 0.995295644 29.915199280
00 000051 000051
0.995527665 -0.058415250 0.074242889 60.190560377 0.053691215 0.996497140 0.064107989 5.590628364 -0.077727742 -0.059835080 0.995177309 29.887060047
0.995514929 -0.059113786 0.073861808 60.172901154 0.054407720 0.996454060 0.064180337 5.586559772 -0.077393837 -0.059873834 0.995201170 29.850900650
00 000052 000052
0.995748369 -0.058751549 0.070944233 61.177733782 0.054052402 0.996325312 0.066433556 5.624730204 -0.074586633 -0.062316396 0.995265414 29.807481997
0.995691061 -0.059423015 0.071191244 61.147998810 0.054726344 0.996304452 0.066200294 5.649869919 -0.074861974 -0.062019002 0.995263457 29.794200897
00 000053 000053
0.996013879 -0.058904880 0.066979433 62.129701013 0.054349305 0.996209315 0.067915418 5.699563997 -0.070726102 -0.064004412 0.995440106 29.705790700
0.996001601 -0.059487596 0.066648476 62.121498108 0.054963417 0.996185601 0.067773946 5.709969997 -0.070425957 -0.063839726 0.995472074 29.724500656
00 000054 000054
0.996109322 -0.058805576 0.065633203 63.146900866 0.054311042 0.996186360 0.068282132 5.757520529 -0.069398283 -0.064451865 0.995504687 29.663160227
0.996024191 -0.060382251 0.065496318 63.093898773 0.055871326 0.996075332 0.068646230 5.771989822 -0.069384284 -0.064713940 0.995488763 29.665899277
00 000055 000055
0.995754069 -0.060767525 0.069141999 64.092241001 0.056049425 0.996092548 0.068245527 5.846068754 -0.073018952 -0.064080398 0.995269648 29.594169539
0.995770454 -0.060667560 0.068997107 64.067100525 0.056021340 0.996152639 0.067390494 5.828340054 -0.072820075 -0.063240148 0.995338082 29.603500366
00 000056 000056
0.995518561 -0.059611709 0.073407517 65.097562863 0.054959331 0.996444936 0.063845602 5.888784665 -0.076952506 -0.059525056 0.995256166 29.527653664
0.995512366 -0.060075611 0.073117085 65.045600891 0.055406511 0.996391714 0.064293854 5.884170055 -0.076715745 -0.059954163 0.995248795 29.551599503
00 000057 000057
0.995408032 -0.061108352 0.073674931 66.021871232 0.056626174 0.996501294 0.061464603 5.956303606 -0.077173176 -0.057010432 0.995386301 29.470422190
0.995454490 -0.060679436 0.073405072 66.007896423 0.056100614 0.996441245 0.062909529 5.941740036 -0.076961160 -0.058505498 0.995316088 29.483499527
00 000058 000058
0.995506086 -0.060075189 0.073198169 66.998285862 0.055745240 0.996650604 0.059827267 5.998606300 -0.076547142 -0.055477958 0.995521261 29.424787088
0.995503902 -0.060624357 0.072778240 66.972000122 0.056328058 0.996625721 0.059701826 5.996049881 -0.076152049 -0.055333946 0.995559633 29.424200058
00 000059 000059
0.995570357 -0.060017260 0.072367162 67.957974308 0.055974749 0.996823293 0.056652741 6.055069616 -0.075537416 -0.052351051 0.995767748 29.367756883
0.995573461 -0.060246129 0.072138280 67.933502197 0.056196015 0.996796131 0.056916326 6.049479961 -0.075336143 -0.052610494 0.995769322 29.367799759
00 000060 000060
0.995363101 -0.061150403 0.074244972 68.908800154 0.057093918 0.996820082 0.055582984 6.125632094 -0.077407803 -0.051086313 0.995689753 29.313009344
0.995410144 -0.061745398 0.073117398 68.883903503 0.057702802 0.996752441 0.056168921 6.109010220 -0.076348118 -0.051692039 0.995740354 29.301900864
00 000061 000061
0.995149910 -0.059517434 0.078317683 69.843742094 0.055514845 0.997085353 0.052329808 6.160922131 -0.081203954 -0.047728206 0.995553982 29.240133830
0.995080650 -0.061675273 0.077528559 69.839897156 0.057673849 0.996936440 0.052834690 6.161449909 -0.080549635 -0.048103411 0.995589197 29.237800598
00 000062 000062
0.994598109 -0.061384603 0.083700974 70.821767959 0.057369075 0.997121655 0.049565911 6.218444122 -0.086502643 -0.044496310 0.995257318 29.197499139
0.994564712 -0.062768698 0.083072670 70.793403625 0.058679942 0.996984482 0.050779786 6.219860077 -0.086009547 -0.045629080 0.995248854 29.179300308
00 000063 000063
0.994407238 -0.062299314 0.085278485 71.742130071 0.058037239 0.996980931 0.051578658 6.306839151 -0.088234345 -0.046340858 0.995021106 29.124521973
0.994368255 -0.063504361 0.084846482 71.737800598 0.059223600 0.996886671 0.052053772 6.283269882 -0.087887965 -0.046735711 0.995033383 29.101699829
00 000064 000064
0.994629203 -0.063519891 0.081715236 72.683300381 0.059343774 0.996852783 0.052559411 6.334943370 -0.084796629 -0.047427826 0.995268810 29.041202703
0.994622707 -0.064035229 0.081395037 72.672798157 0.059867151 0.996816456 0.052658550 6.346300125 -0.084507912 -0.047502507 0.995289862 29.033899307
00 000065 000065
0.995005466 -0.065171432 0.075605560 73.593630828 0.061091172 0.996611010 0.055081813 6.376055426 -0.078939090 -0.050187866 0.995615232 28.998832882
0.995026350 -0.066071227 0.074546471 73.595001221 0.062018689 0.996534646 0.055428937 6.408820152 -0.077950403 -0.050529975 0.995675862 28.969600677
00 000066 000066
0.995335166 -0.066491096 0.069901625 74.516859866 0.062533413 0.996393105 0.057359609 6.437907887 -0.073463389 -0.052720846 0.995903378 28.917851813
0.995300233 -0.067012936 0.069905035 74.518600464 0.063044518 0.996352315 0.057510417 6.476309776 -0.073503986 -0.052832998 0.995894492 28.912599564
00 000067 000067
0.995220024 -0.067574898 0.070499285 75.502547410 0.063203000 0.996041446 0.062503740 6.561265065 -0.074443875 -0.057749207 0.995551659 28.842223416
0.995278120 -0.067679346 0.069577008 75.426300049 0.063356735 0.996028006 0.062563121 6.544600010 -0.073534876 -0.057859540 0.995612800 28.845699310
00 000068 000068
0.994980814 -0.069076382 0.072394854 76.330087114 0.064482739 0.995865831 0.063977937 6.599098003 -0.076514904 -0.058988605 0.995321972 28.796989248
0.995012581 -0.069202088 0.071840018 76.325103760 0.064553037 0.995786190 0.065136306 6.608779907 -0.076044865 -0.060173951 0.995287001 28.794200897
00 000069 000069
0.994786291 -0.069589960 0.074543904 77.207872887 0.064656840 0.995678304 0.066664413 6.661845036 -0.078860903 -0.061497082 0.994986926 28.731553881
0.994799793 -0.070387065 0.073614322 77.208503723 0.065472543 0.995591044 0.067169823 6.675149918 -0.078017645 -0.062000807 0.995022178 28.741399765
00 000070 000070
0.994761455 -0.070713794 0.073813989 78.079889811 0.065787794 0.995570871 0.067160446 6.760807238 -0.078236211 -0.061952580 0.995007941 28.672771148
0.994767785 -0.070899703 0.073554225 78.077499390 0.065918185 0.995500028 0.068077154 6.736499786 -0.078049891 -0.062872402 0.994964957 28.684299469
00 000071 000071
0.994594364 -0.072307541 0.074518249 78.965976204 0.067111182 0.995285118 0.070025317 6.806030197 -0.079230248 -0.064645797 0.994757917 28.635974774
0.994585693 -0.072860263 0.074099004 78.928100586 0.067714654 0.995264709 0.069734082 6.799270153 -0.078828968 -0.064338937 0.994809806 28.630100250
00 000072 000072
0.994501776 -0.073140344 0.074939889 79.795075208 0.067886165 0.995205287 0.070412241 6.875857907 -0.079730530 -0.064937738 0.994698941 28.588496808
0.994470894 -0.073723055 0.074783139 79.775199890 0.068474092 0.995160162 0.070480600 6.864240170 -0.079617247 -0.064970195 0.994705975 28.576400757
00 000073 000073
0.994271505 -0.075572099 0.075579591 80.611857907 0.070232036 0.995002190 0.070979826 6.922745039 -0.080565930 -0.065265131 0.994610199 28.518637672
0.994256258 -0.075659573 0.075697646 80.600502014 0.070358343 0.995033979 0.070406742 6.928500175 -0.080648668 -0.064676389 0.994642019 28.525499344
00 000074 000074
0.994078577 -0.077081001 0.076585919 81.451056582 0.071744717 0.994953512 0.070144127 6.982773785 -0.081606183 -0.064234163 0.994592482 28.458352387
0.994064927 -0.076851308 0.076998852 81.411300659 0.071462438 0.994951785 0.070456155 6.990340233 -0.082024798 -0.064535461 0.994538665 28.470699310
00 000075 000075
0.993739744 -0.078033906 0.079943556 82.230886873 0.072355562 0.994803891 0.071622502 7.029470375 -0.085117123 -0.065389796 0.994222774 28.405290497
0.993811011 -0.077757277 0.079331271 82.217697144 0.072051086 0.994768202 0.072421648 7.058090210 -0.084547535 -0.066257529 0.994214118 28.414699554
00 000076 000076
0.993403989 -0.078653209 0.083432883 83.025339088 0.072584364 0.994654826 0.073437690 7.130566616 -0.088763014 -0.066897404 0.993803527 28.357914582
0.993358254 -0.079568401 0.083115898 82.998596191 0.073496096 0.994566381 0.073729619 7.125050068 -0.088530824 -0.067131236 0.993808687 28.355899811
00 000077 000077
0.992983516 -0.081219042 0.085941568 83.792836989 0.074849297 0.994376865 0.074912993 7.181280034 -0.091542655 -0.067954737 0.993479552 28.293936128
0.993058980 -0.081181683 0.085107990 83.769798279 0.074794017 0.994318962 0.075734541 7.189770222 -0.090772741 -0.068843305 0.993489265 28.302700043
00 000078 000078
0.993420487 -0.081500854 0.080449026 84.532987974 0.075247299 0.994115277 0.077924703 7.279398950 -0.086326525 -0.071358462 0.993707790 28.249351102
0.993297637 -0.082053855 0.081406012 84.519203186 0.075660385 0.994019926 0.078739695 7.255799770 -0.087380081 -0.072052747 0.993565857 28.250999451
00 000079 000079
0.993771226 -0.083101654 0.074240758 85.268475706 0.077172681 0.993847087 0.079448039 7.311796176 -0.080386207 -0.073223851 0.994070380 28.203137062
0.993744493 -0.083839372 0.073775358 85.243400574 0.077933930 0.993777096 0.079582579 7.319530010 -0.079988420 -0.073335141 0.994094491 28.197700500
00 000080 000080
0.994088274 -0.084126786 0.068630251 85.977372292 0.078681868 0.993802765 0.078517163 7.369134331 -0.074810307 -0.072653064 0.994547457 28.162840409
0.994059741 -0.084571697 0.068504423 85.953903198 0.079092987 0.993725002 0.079087771 7.378769875 -0.074763142 -0.073199756 0.994511068 28.155399323
00 000081 000081
0.994132989 -0.084314523 0.067746651 86.646418451 0.078740371 0.993589096 0.081118988 7.456330192 -0.074151825 -0.075308695 0.994399193 28.091028351
0.994080484 -0.085372046 0.067198038 86.641700745 0.079876564 0.993540049 0.080609746 7.442560196 -0.073645763 -0.074765034 0.994477987 28.103599548
00 000082 000082
0.993836472 -0.085060457 0.071082005 87.330431118 0.079086497 0.993405437 0.083008778 7.532632233 -0.077674007 -0.076875556 0.994010272 28.060800924
0.993790686 -0.086253323 0.070287794 87.320800781 0.080366433 0.993331194 0.082670100 7.508780003 -0.076949634 -0.076507993 0.994095206 28.062000275
00 000083 000083
0.993524820 -0.086468060 0.073692173 88.013309037 0.080404879 0.993415106 0.081614957 7.562552535 -0.080263997 -0.075161308 0.993935591 28.024105088
0.993553936 -0.086990118 0.072686441 87.974197388 0.080984093 0.993348897 0.081851140 7.566999912 -0.079323232 -0.075437084 0.993990481 28.025100708
00 000084 000084
0.993590973 -0.088243254 0.070633323 88.630685344 0.082598888 0.993430811 0.079197831 7.603804197 -0.077157981 -0.072856044 0.994353170 27.984488041
0.993645668 -0.088126212 0.070014812 88.599998474 0.082519367 0.993429482 0.079299837 7.617549896 -0.076543182 -0.073018357 0.994388998 27.986900330
00 000085 000085
0.993974088 -0.087348020 0.066218186 89.259531854 0.082532441 0.993964267 0.072271001 7.644832763 -0.072131222 -0.066370372 0.995184274 27.950262783
0.993966758 -0.087628797 0.065964445 89.213096619 0.082829297 0.993938863 0.072282866 7.665170193 -0.071898691 -0.066382974 0.995200396 27.955200195
00 000086 000086
0.994370138 -0.085322341 0.062825878 89.810604208 0.081007428 0.994370881 0.068293970 7.705903678 -0.068299199 -0.062820140 0.995684969 27.941030734
0.994365692 -0.086167283 0.061741486 89.807197571 0.081898138 0.994274974 0.068629228 7.712480068 -0.067301609 -0.063186035 0.995729864 27.919799805
00 000087 000087
0.994580057 -0.083426768 0.062043684 90.426260312 0.079024399 0.994389720 0.070314350 7.721574820 -0.067561669 -0.065030308 0.995593370 27.885182981
0.994605422 -0.083587579 0.061426472 90.384399414 0.079193957 0.994342983 0.070783615 7.762700081 -0.066995606 -0.065537170 0.995598555 27.887599945
00 000088 000088
0.994842106 -0.078863271 0.063786094 90.960656521 0.074052591 0.994463117 0.074560158 7.801997978 -0.069312946 -0.069452091 0.995174214 27.852725013
0.994778693 -0.079876073 0.063523255 90.949699402 0.075041644 0.994343817 0.075160742 7.816090107 -0.069167495 -0.070001416 0.995146036 27.845699310
00 000089 000089
0.994846159 -0.075209391 0.067996501 91.522239796 0.070154692 0.994795190 0.073896931 7.848775353 -0.073200309 -0.068745837 0.994944843 27.807245484
0.994935334 -0.074952647 0.066975698 91.509201050 0.069982469 0.994821548 0.073705435 7.857850075 -0.072153293 -0.068645015 0.995028496 27.816099167
00 000090 000090
0.995059112 -0.069240359 0.071147744 92.042440299 0.064273552 0.995482891 0.069876040 7.873279972 -0.075664576 -0.064957902 0.995015026 27.789729682
0.994985521 -0.069383241 0.072039768 92.044601440 0.064344652 0.995465875 0.070053600 7.888519764 -0.076573670 -0.065066949 0.994938552 27.788700104
00 000091 000091
0.995172653 -0.060239897 0.077468416 92.584094169 0.055244938 0.996349558 0.065080207 7.925990188 -0.081106022 -0.060486332 0.994868229 27.762565408
0.995258391 -0.060617130 0.076067440 92.577598572 0.055691361 0.996311247 0.065287173 7.914269924 -0.079744369 -0.060741309 0.994962990 27.764900208
00 000092 000092
0.995832170 -0.050217225 0.076126727 93.107474951 0.045057704 0.996664517 0.068040829 7.902513907 -0.079289596 -0.064327181 0.994773740 27.748620356
0.995834947 -0.050278112 0.076058514 93.088203430 0.045111194 0.996651888 0.068190649 7.937570095 -0.079232357 -0.064475544 0.994768918 27.734899521
00 000093 000093
0.996447005 -0.035628248 0.076306477 93.624797534 0.029944937 0.996780963 0.074370177 7.972089973 -0.078710486 -0.071820984 0.994306827 27.710051882
0.996512413 -0.035456158 0.075537056 93.590400696 0.029856501 0.996810257 0.074012503 7.961440086 -0.077920318 -0.071499102 0.994392455 27.700399399
00 000094 000094
0.996915447 -0.017237713 0.076557118 94.127620760 0.011216748 0.996859605 0.078390308 7.965657572 -0.077667921 -0.077289833 0.993978679 27.669134940
0.996955931 -0.017286507 0.076026492 94.085700989 0.011254455 0.996805847 0.079065852 7.969110012 -0.077150419 -0.077969529 0.993966103 27.664600372
00 000095 000095
0.996924641 0.004833066 0.078206901 94.588675951 -0.010912361 0.996933187 0.077492753 7.951159403 -0.077592477 -0.078107907 0.993920599 27.660111980
0.996997595 0.004142911 0.077321872 94.557998657 -0.010178889 0.996914446 0.077833049 7.959529877 -0.076760836 -0.078386411 0.993963420 27.636899948
00 000096 000096
0.996341437 0.031178176 0.079561326 95.058476291 -0.037125510 0.996537138 0.074400266 7.916337456 -0.076966104 -0.077081878 0.994049327 27.612553265
0.996411085 0.030726448 0.078872114 95.029998779 -0.036637310 0.996538520 0.074623711 7.927859783 -0.076306179 -0.077245556 0.994087756 27.613899231
00 000097 000097
0.994847380 0.060431551 0.081394807 95.484303860 -0.066480597 0.995056349 0.073778225 7.886644200 -0.076533840 -0.078809303 0.993947228 27.612911971
0.994935751 0.059812572 0.080779500 95.479698181 -0.065815121 0.995098114 0.073811330 7.888850212 -0.075968690 -0.078754038 0.993995249 27.589500427
00 000098 000098
0.992168739 0.093136827 0.083217722 95.950136528 -0.099349131 0.992303654 0.073914672 7.842046502 -0.075693017 -0.081603489 0.993786182 27.569918127
0.992256701 0.092594631 0.082781784 95.927398682 -0.098732702 0.992402494 0.073410399 7.834030151 -0.075355440 -0.081015237 0.993860185 27.564599991
00 000099 000099
0.987904524 0.130389094 0.083915329 96.388838704 -0.136586289 0.987942484 0.072897540 7.781077047 -0.073398413 -0.083477544 0.993802677 27.529129411
0.987940788 0.130116582 0.083920904 96.374496460 -0.136327609 0.987964511 0.073081374 7.761849880 -0.073401786 -0.083640799 0.993788898 27.539499283
00 000100 000100
0.981502615 0.171312335 0.085458150 96.842430320 -0.177657560 0.981370773 0.073139739 7.652232063 -0.071336324 -0.086969180 0.993653427 27.518321930
0.981651902 0.170768321 0.084839769 96.798500061 -0.177056864 0.981481791 0.073104970 7.670239925 -0.070784681 -0.086785085 0.993709147 27.514099121
00 000101 000101
0.972354315 0.216868193 0.086565702 97.257167950 -0.223273159 0.972038591 0.072734796 7.552398464 -0.068371265 -0.090051841 0.993587304 27.509876289
0.972757459 0.215461999 0.085551508 97.218299866 -0.221789032 0.972363234 0.072933890 7.560349941 -0.067472659 -0.089921378 0.993660688 27.492700577
00 000102 000102
0.960517979 0.264920147 0.084975801 97.658167622 -0.271255745 0.959628783 0.074386025 7.396558942 -0.061838790 -0.094499343 0.993602277 27.489571788
0.960702181 0.264309764 0.084803998 97.632797241 -0.270639896 0.959789276 0.074556336 7.428629875 -0.061688013 -0.094577767 0.993604362 27.475299835
00 000103 000103
0.944828240 0.316475601 0.084505332 98.043539089 -0.322698514 0.943587209 0.074224364 7.241622131 -0.056247870 -0.097399071 0.993654471 27.457087537
0.945036769 0.316055268 0.083753340 98.013702393 -0.322269797 0.943641245 0.075388618 7.279739857 -0.055206154 -0.098236181 0.993630707 27.463399887
00 000104 000104
0.924225439 0.372688268 0.083121668 98.435915834 -0.378688678 0.922538686 0.074281131 7.089586433 -0.048999164 -0.100129791 0.993766955 27.448086813
0.924608529 0.371788561 0.082899787 98.394203186 -0.377827197 0.922793508 0.075490743 7.100019932 -0.048432805 -0.101121165 0.993694484 27.448900223
00 000105 000105
0.899987327 0.427944293 0.082975624 98.764248000 -0.433854084 0.897843077 0.075158863 6.861617182 -0.042335201 -0.103641379 0.993713134 27.446866005
0.900225282 0.427500069 0.082692452 98.740303040 -0.433406770 0.898007751 0.075767055 6.907760143 -0.041868031 -0.104046896 0.993690729 27.437000275
00 000106 000106
0.870816591 0.484773879 0.081677455 99.111928842 -0.490392517 0.868264076 0.075053899 6.690912285 -0.034533345 -0.105412233 0.993828610 27.422674762
0.870986164 0.484426439 0.081939891 99.071899414 -0.490107685 0.868338823 0.076040253 6.692049980 -0.034315675 -0.106389381 0.993732214 27.423799515
00 000107 000107
0.836595214 0.541842096 0.080709968 99.440897634 -0.547154169 0.833725282 0.074330120 6.417647599 -0.027014662 -0.106345054 0.993962092 27.445731522
0.837125957 0.541121900 0.080046616 99.394500732 -0.546372235 0.834214866 0.074587218 6.448989868 -0.026415344 -0.106174119 0.993996620 27.423799515
00 000108 000108
0.799711084 0.594999409 0.080226991 99.684082727 -0.600041661 0.796601518 0.073324742 6.148266534 -0.020280671 -0.106778179 0.994075861 27.422756608
0.800336301 0.594191015 0.079994537 99.676498413 -0.599229217 0.797128558 0.074234053 6.203259945 -0.019656766 -0.107347250 0.994027257 27.423799515
00 000109 000109
0.758292462 0.646854991 0.081052712 99.987396775 -0.651749425 0.755012072 0.071970949 5.880412119 -0.014640914 -0.107401121 0.994107792 27.412891618
0.759580314 0.645330369 0.081159510 99.962898254 -0.650251448 0.756243765 0.072586969 5.927470207 -0.014533863 -0.107909687 0.994054437 27.429500580
00 000110 000110
0.715632383 0.693457159 0.083580679 100.253566560 -0.698394977 0.712236137 0.070458493 5.567562463 -0.010669138 -0.108794744 0.994006787 27.437066105
0.716889799 0.692095160 0.084101804 100.209999084 -0.697110772 0.713354111 0.071849376 5.651690006 -0.010267738 -0.110136367 0.993863463 27.430200577
00 000111 000111
0.669367436 0.738314928 0.082683816 100.464374582 -0.742926704 0.665584056 0.071119990 5.314656272 -0.002523980 -0.109033454 0.994034700 27.422338528
0.671267271 0.736321747 0.085031793 100.447998047 -0.741200507 0.667546153 0.070737511 5.354780197 -0.004677057 -0.110509396 0.993864059 27.434000015
00 000112 000112
0.622524535 0.778492309 0.080070510 100.700121177 -0.782584221 0.618598446 0.069987177 4.978137780 0.004953087 -0.106230674 0.994329038 27.407247042
0.624090731 0.776980817 0.082531929 100.666999817 -0.781347334 0.620236278 0.069305710 5.035470009 0.002659915 -0.107739158 0.994175613 27.443300247
00 000113 000113
0.576580089 0.813375054 0.077296756 100.845551021 -0.816991679 0.572928202 0.065407639 4.676194839 0.008915552 -0.100863561 0.994860204 27.439639993
0.577347636 0.812744737 0.078201219 100.846000671 -0.816453278 0.573656499 0.065741196 4.720530033 0.008570200 -0.101803176 0.994767666 27.460399628
00 000114 000114
0.528453261 0.845097367 0.080907537 101.047895568 -0.848843714 0.524383204 0.066984529 4.374295646 0.014181997 -0.104076057 0.994468121 27.438833544
0.529645383 0.844528139 0.079047814 101.029998779 -0.848081946 0.525576591 0.067281194 4.387460232 0.015275124 -0.102674179 0.994597733 27.472099304
00 000115 000115
0.480996218 0.872877363 0.082013668 101.200181249 -0.876452108 0.476416668 0.069708062 4.042106739 0.021774011 -0.105410368 0.994190345 27.467547964
0.482930750 0.871798635 0.082128257 101.191001892 -0.875387549 0.478320003 0.070047073 4.065299988 0.021783352 -0.105721936 0.994157135 27.484100342
00 000116 000116
0.436534024 0.895821516 0.083308526 101.332808302 -0.899260342 0.431599110 0.071086921 3.704179878 0.027725406 -0.105947908 0.993985046 27.479375990
0.437511742 0.895399988 0.082723893 101.334999084 -0.898770273 0.432554901 0.071477741 3.725019932 0.028218457 -0.105622105 0.994005859 27.500299454
00 000117 000117
0.393707964 0.915874088 0.078530362 101.482263265 -0.918662257 0.389008182 0.068792728 3.324951123 0.032456624 -0.099227117 0.994535243 27.497046420
0.394730479 0.915588677 0.076718941 101.454002380 -0.918185115 0.390042543 0.069306865 3.365600109 0.033532884 -0.097799711 0.994641006 27.514600754
00 000118 000118
0.353350920 0.933177812 0.065730535 101.547785066 -0.934906251 0.349774669 0.060066639 2.981602682 0.033062077 -0.082676473 0.996027680 27.551511031
0.355329037 0.932469368 0.065131113 101.544998169 -0.934129953 0.351714075 0.060814247 3.011359930 0.033799898 -0.082449995 0.996021867 27.542800903
00 000119 000119
0.317296886 0.946357048 0.061067496 101.636289220 -0.947726229 0.314148411 0.055908761 2.549595957 0.033725488 -0.075614921 0.996566359 27.556482896
0.319538504 0.945608079 0.060995068 101.639999390 -0.946935296 0.316299528 0.057167117 2.650949955 0.034764983 -0.076025479 0.996499658 27.559499741
00 000120 000120
0.285445440 0.956288419 0.063495677 101.734478683 -0.957619809 0.281924453 0.059016921 2.265269874 0.038536311 -0.077650809 0.996235331 27.589704416
0.285955101 0.956143439 0.063401051 101.737998962 -0.957417488 0.282336622 0.060316410 2.283360004 0.039770681 -0.077949055 0.996163785 27.580999374
00 000121 000121
0.253422628 0.964534773 0.073811532 101.866078415 -0.966243964 0.248736906 0.067102168 1.848497708 0.046362815 -0.088325142 0.995011918 27.584937003
0.255585432 0.964039385 0.072828770 101.842002869 -0.965623319 0.250858575 0.068128541 1.926180005 0.047408883 -0.087737821 0.995014787 27.598699570
00 000122 000122
0.225595637 0.971087917 0.078060845 101.922418853 -0.972776771 0.220176009 0.072305045 1.508191515 0.053027520 -0.092247474 0.994322908 27.631685837
0.227204800 0.970736980 0.077771440 101.930000305 -0.972395658 0.221782640 0.072524704 1.542899966 0.053153992 -0.092102565 0.994329810 27.625200272
00 000123 000123
0.200082944 0.976797928 0.076362552 102.053382954 -0.978153712 0.194656624 0.072967071 1.141214013 0.056409698 -0.089293772 0.994406400 27.666478277
0.200969711 0.976644099 0.076013088 101.998001099 -0.977903962 0.195456237 0.074170120 1.148720026 0.057580538 -0.089239441 0.994344413 27.654300690
00 000124 000124
0.177436285 0.981791159 0.067830715 102.072754652 -0.982149614 0.172285274 0.075497886 0.704541043 0.062437015 -0.080015959 0.994835957 27.669905084
0.178465575 0.981548667 0.068647295 102.052001953 -0.981965244 0.173247337 0.075695485 0.748125970 0.062405828 -0.080918297 0.994765162 27.681299210
00 000125 000125
0.156677120 0.985692160 0.062142185 102.101864743 -0.985178148 0.151527169 0.080395882 0.329740521 0.069829459 -0.073817293 0.994823810 27.702044131
0.157788098 0.985566258 0.061339449 102.098999023 -0.984964967 0.152658716 0.080869123 0.343611985 0.070337839 -0.073177397 0.994835496 27.707199097
00 000126 000126
0.136368562 0.988844019 0.059911744 102.152237302 -0.987520090 0.130878339 0.087606447 -0.100912019 0.078788062 -0.071110782 0.994351707 27.725291288
