[section sign] DEMO on 2024-10-10 06:36:53 rot_test 10.000 rotation_best_modelrmae:0.044/0.044 tmae:0.020234/0.018
0 0   0 0 0 0 0 0   0 0 0 0 0 0
0.063038099 0.997408473 -0.034679244 14.245527173 -0.997714950 0.063827792 0.022155015 -83.052342965 0.024311104 0.033203393 0.999152835 2.699174406
0.062186353 0.997748256 -0.025124889 13.892530441 -0.997682273 0.062839493 0.026100544 -82.977577209 0.027620608 0.023443559 0.999343514 2.437827587
0 0   0 0 0 0 0 1   0 0 0 0 0 1
0.061272431 0.997509248 -0.034945325 14.136637470 -0.997560324 0.062373901 0.031351482 -83.103092690 0.033453073 0.032939090 0.998897311 2.680055756
0.062186353 0.997748256 -0.025124889 13.892530441 -0.997682273 0.062839493 0.026100544 -82.977577209 0.027620608 0.023443559 0.999343514 2.437827587
0 0   0 0 0 0 0 2   0 0 0 0 0 2
0.062501528 0.997419519 -0.035328041 14.025584400 -0.997561109 0.063534083 0.028901608 -83.066113147 0.031071567 0.033435485 0.998957767 2.700703156
0.062186353 0.997748256 -0.025124889 13.892530441 -0.997682273 0.062839493 0.026100544 -82.977577209 0.027620608 0.023443559 0.999343514 2.437827587
0 0   0 0 0 0 0 3   0 0 0 0 0 3
0.061478790 0.997576629 -0.032578914 14.127407159 -0.997912744 0.062080218 0.017781495 -83.034408860 0.019760916 0.031417728 0.999310999 2.743918053
0.062186353 0.997748256 -0.025124889 13.892530441 -0.997682273 0.062839493 0.026100544 -82.977577209 0.027620608 0.023443559 0.999343514 2.437827587
0 0   0 0 0 0 0 4   0 0 0 0 0 4
0.065116029 0.997287110 -0.034328928 14.107070446 -0.997398886 0.066111766 0.028714690 -82.997874132 0.030906339 0.032369850 0.998998024 2.720031979
0.062186353 0.997748256 -0.025124889 13.892530441 -0.997682273 0.062839493 0.026100544 -82.977577209 0.027620608 0.023443559 0.999343514 2.437827587
0 0   0 0 0 0 0 5   0 0 0 0 0 5
0.063488322 0.997391387 -0.034347748 14.101801580 -0.997533555 0.064454281 0.027786016 -82.973773718 0.029927390 0.032498949 0.999023620 2.704524847
0.062186353 0.997748256 -0.025124889 13.892530441 -0.997682273 0.062839493 0.026100544 -82.977577209 0.027620608 0.023443559 0.999343514 2.437827587
0 0   0 0 0 0 0 6   0 0 0 0 0 6
0.063505405 0.997405451 -0.033905070 14.137576611 -0.997689906 0.064271095 0.021991082 -83.155476990 0.024113139 0.032430201 0.999183086 2.690330204
0.062186353 0.997748256 -0.025124889 13.892530441 -0.997682273 0.062839493 0.026100544 -82.977577209 0.027620608 0.023443559 0.999343514 2.437827587
0 0   0 0 0 0 0 7   0 0 0 0 0 7
0.063757959 0.997368596 -0.034510378 14.006703177 -0.997483578 0.064763288 0.028841265 -83.010240447 0.031000377 0.032584681 0.998988108 2.685423745
0.062186353 0.997748256 -0.025124889 13.892530441 -0.997682273 0.062839493 0.026100544 -82.977577209 0.027620608 0.023443559 0.999343514 2.437827587
0 0   0 0 0 0 0 8   0 0 0 0 0 8
0.063758962 0.997362593 -0.034680870 14.159828333 -0.997528585 0.064720358 0.027342213 -83.000297473 0.029514659 0.032851855 0.999024329 2.697485091
0.062186353 0.997748256 -0.025124889 13.892530441 -0.997682273 0.062839493 0.026100544 -82.977577209 0.027620608 0.023443559 0.999343514 2.437827587
0 0   0 0 0 0 0 9   0 0 0 0 0 9
0.062344377 0.997483058 -0.033775702 14.168731909 -0.997797029 0.063061264 0.020591397 -82.989131149 0.022669511 0.032417545 0.999217217 2.751891942
0.062186353 0.997748256 -0.025124889 13.892530441 -0.997682273 0.062839493 0.026100544 -82.977577209 0.027620608 0.023443559 0.999343514 2.437827587
0 0   0 0 0 0 1 0   0 0 0 0 1 0
0.064261770 0.997299206 -0.035563271 14.194231540 -0.997581538 0.065143944 0.024228127 -83.140275532 0.026479430 0.033920330 0.999073547 2.658265457
0.062186353 0.997748256 -0.025124889 13.892530441 -0.997682273 0.062839493 0.026100544 -82.977577209 0.027620608 0.023443559 0.999343514 2.437827587
0 0   0 0 0 0 1 1   0 0 0 0 1 1
0.062750432 0.997435263 -0.034427349 14.053338601 -0.997825268 0.063397346 0.018031255 -83.078016395 0.020167621 0.033221020 0.999244368 2.707035252
0.062186353 0.997748256 -0.025124889 13.892530441 -0.997682273 0.062839493 0.026100544 -82.977577209 0.027620608 0.023443559 0.999343514 2.437827587
0 0   0 0 0 0 1 2   0 0 0 0 1 2
0.063144055 0.997397148 -0.034808539 14.157835204 -0.997742589 0.063887624 0.020679043 -83.083230111 0.022849064 0.033424215 0.999179891 2.688196747
0.062186353 0.997748256 -0.025124889 13.892530441 -0.997682273 0.062839493 0.026100544 -82.977577209 0.027620608 0.023443559 0.999343514 2.437827587
0 0   0 0 0 0 1 3   0 0 0 0 1 3
0.062947792 0.997408294 -0.034844342 14.178488521 -0.997654870 0.063826467 0.024705787 -82.985425652 0.026865756 0.033207464 0.999087185 2.676780896
0.062186353 0.997748256 -0.025124889 13.892530441 -0.997682273 0.062839493 0.026100544 -82.977577209 0.027620608 0.023443559 0.999343514 2.437827587
0 0   0 0 0 0 1 4   0 0 0 0 1 4
0.063171582 0.997408426 -0.034433292 14.230029072 -0.997799005 0.063817601 0.017995631 -82.982261971 0.020146452 0.033220706 0.999244790 2.712547746
0.062186353 0.997748256 -0.025124889 13.892530441 -0.997682273 0.062839493 0.026100544 -82.977577209 0.027620608 0.023443559 0.999343514 2.437827587
0 0   0 0 0 0 1 5   0 0 0 0 1 5
0.065501433 0.997295832 -0.033322557 14.263060825 -0.997650237 0.066123375 0.017916422 -83.017475020 0.020071381 0.032070720 0.999283839 2.733308364
0.062186353 0.997748256 -0.025124889 13.892530441 -0.997682273 0.062839493 0.026100544 -82.977577209 0.027620608 0.023443559 0.999343514 2.437827587
0 0   0 0 0 0 1 6   0 0 0 0 1 6
0.063397099 0.997377079 -0.034921587 14.136166259 -0.997705112 0.064173450 0.021576763 -83.030483332 0.023761217 0.033473556 0.999156899 2.707238930
0.062186353 0.997748256 -0.025124889 13.892530441 -0.997682273 0.062839493 0.026100544 -82.977577209 0.027620608 0.023443559 0.999343514 2.437827587
0 0   0 0 0 0 1 7   0 0 0 0 1 7
0.063336550 0.997406602 -0.034180517 14.062025164 -0.997644140 0.064181391 0.024212094 -83.155437367 0.026343066 0.032566497 0.999122109 2.663977331
0.062186353 0.997748256 -0.025124889 13.892530441 -0.997682273 0.062839493 0.026100544 -82.977577209 0.027620608 0.023443559 0.999343514 2.437827587
0 0   0 0 0 0 1 8   0 0 0 0 1 8
0.061887555 0.997514099 -0.033694934 14.101493274 -0.997896753 0.062492572 0.017207612 -82.953278622 0.019270527 0.032559143 0.999283775 2.691759695
0.062186353 0.997748256 -0.025124889 13.892530441 -0.997682273 0.062839493 0.026100544 -82.977577209 0.027620608 0.023443559 0.999343514 2.437827587
0 0   0 0 0 0 1 9   0 0 0 0 1 9
0.061442392 0.997540576 -0.033725859 14.080993647 -0.997854722 0.062156194 0.020539701 -82.971121860 0.022585465 0.032391514 0.999219810 2.702848067
0.062186353 0.997748256 -0.025124889 13.892530441 -0.997682273 0.062839493 0.026100544 -82.977577209 0.027620608 0.023443559 0.999343514 2.437827587
0 0   0 0 0 0 2 0   0 0 0 0 2 0
0.059697991 0.997530669 -0.036993135 14.004291428 -0.997844961 0.060645283 0.025036010 -83.104230478 0.027217657 0.035418831 0.999001589 2.698456545
0.062186353 0.997748256 -0.025124889 13.892530441 -0.997682273 0.062839493 0.026100544 -82.977577209 0.027620608 0.023443559 0.999343514 2.437827587
0 0   0 0 0 0 2 1   0 0 0 0 2 1
0.063167941 0.997442410 -0.033439766 13.917588322 -0.997804751 0.063787030 0.017780969 -83.094824309 0.019868525 0.032243186 0.999282272 2.711738635
0.062186353 0.997748256 -0.025124889 13.892530441 -0.997682273 0.062839493 0.026100544 -82.977577209 0.027620608 0.023443559 0.999343514 2.437827587
0 0   0 0 0 0 2 2   0 0 0 0 2 2
0.055303076 0.997829218 -0.035752246 14.059763370 -0.998202441 0.056080661 0.021124130 -83.160519204 0.023083293 0.034519763 0.999137185 2.666254036
0.062186353 0.997748256 -0.025124889 13.892530441 -0.997682273 0.062839493 0.026100544 -82.977577209 0.027620608 0.023443559 0.999343514 2.437827587
0 0   0 0 0 0 2 3   0 0 0 0 2 3
0.065021770 0.997207909 -0.036720471 13.874608070 -0.997398863 0.066092980 0.028751860 -83.071081628 0.031098557 0.034755468 0.998911712 2.667850135
0.062186353 0.997748256 -0.025124889 13.892530441 -0.997682273 0.062839493 0.026100544 -82.977577209 0.027620608 0.023443559 0.999343514 2.437827587
0 0   0 0 0 0 2 4   0 0 0 0 2 4
0.060118972 0.997461146 -0.038168260 13.985730252 -0.997699847 0.061244751 0.029043760 -83.099141688 0.031307638 0.036334396 0.998848969 2.684067834
0.062186353 0.997748256 -0.025124889 13.892530441 -0.997682273 0.062839493 0.026100544 -82.977577209 0.027620608 0.023443559 0.999343514 2.437827587
0 0   0 0 0 0 2 5   0 0 0 0 2 5
0.061090748 0.997451104 -0.036865058 14.020194471 -0.997658532 0.062157497 0.028518590 -83.188911836 0.030737351 0.035036531 0.998913014 2.649524416
0.062186353 0.997748256 -0.025124889 13.892530441 -0.997682273 0.062839493 0.026100544 -82.977577209 0.027620608 0.023443559 0.999343514 2.437827587
0 0   0 0 0 0 2 6   0 0 0 0 2 6
0.059232318 0.997549820 -0.037225635 13.977954695 -0.997785263 0.060294264 0.028082237 -83.138955765 0.030257933 0.035479824 0.998912066 2.677190608
0.062186353 0.997748256 -0.025124889 13.892530441 -0.997682273 0.062839493 0.026100544 -82.977577209 0.027620608 0.023443559 0.999343514 2.437827587
0 0   0 0 0 0 2 7   0 0 0 0 2 7
0.060738076 0.997460205 -0.037199871 13.944026077 -0.997697899 0.061794039 0.027925530 -83.138037511 0.030153344 0.035418094 0.998917442 2.674863920
0.062186353 0.997748256 -0.025124889 13.892530441 -0.997682273 0.062839493 0.026100544 -82.977577209 0.027620608 0.023443559 0.999343514 2.437827587
0 0   0 0 0 0 2 8   0 0 0 0 2 8
0.059278760 0.997613530 -0.035398712 14.123396534 -0.997763553 0.060309959 0.028809686 -83.148194232 0.030875837 0.033611747 0.998957763 2.666181639
0.062186353 0.997748256 -0.025124889 13.892530441 -0.997682273 0.062839493 0.026100544 -82.977577209 0.027620608 0.023443559 0.999343514 2.437827587
0 0   0 0 0 0 2 9   0 0 0 0 2 9
0.064355500 0.997267539 -0.036272936 13.907128876 -0.997525603 0.065317625 0.025993589 -83.163955152 0.028291830 0.034510355 0.999003684 2.678419721
0.062186353 0.997748256 -0.025124889 13.892530441 -0.997682273 0.062839493 0.026100544 -82.977577209 0.027620608 0.023443559 0.999343514 2.437827587
0 0   0 0 0 0 3 0   0 0 0 0 3 0
0.058788067 0.997612731 -0.036231303 13.958179762 -0.997876487 0.059745368 0.025930015 -83.129591589 0.028032770 0.034629991 0.999006921 2.659210975
0.062186353 0.997748256 -0.025124889 13.892530441 -0.997682273 0.062839493 0.026100544 -82.977577209 0.027620608 0.023443559 0.999343514 2.437827587
0 0   0 0 0 0 3 1   0 0 0 0 3 1
0.060907656 0.997527192 -0.035065953 14.011461620 -0.997719873 0.061867204 0.026960829 -82.940402520 0.029063595 0.033343867 0.999021283 2.727486080
0.062186353 0.997748256 -0.025124889 13.892530441 -0.997682273 0.062839493 0.026100544 -82.977577209 0.027620608 0.023443559 0.999343514 2.437827587
0 0   0 0 0 0 3 2   0 0 0 0 3 2
0.060878979 0.997522665 -0.035243015 14.026093609 -0.997773114 0.061781964 0.025124932 -83.085081855 0.027240077 0.033634943 0.999062929 2.656503036
0.062186353 0.997748256 -0.025124889 13.892530441 -0.997682273 0.062839493 0.026100544 -82.977577209 0.027620608 0.023443559 0.999343514 2.437827587
0 0   0 0 0 0 3 3   0 0 0 0 3 3
0.061832683 0.997472778 -0.034993722 14.123453360 -0.997668136 0.062783574 0.026758471 -82.896073915 0.028887884 0.033257562 0.999029258 2.686527215
0.062186353 0.997748256 -0.025124889 13.892530441 -0.997682273 0.062839493 0.026100544 -82.977577209 0.027620608 0.023443559 0.999343514 2.437827587
0 0   0 0 0 0 3 4   0 0 0 0 3 4
0.065060090 0.997331798 -0.033110323 14.106746386 -0.997620719 0.065765239 0.020671403 -83.019329291 0.022793759 0.031686648 0.999237876 2.684308172
0.062186353 0.997748256 -0.025124889 13.892530441 -0.997682273 0.062839493 0.026100544 -82.977577209 0.027620608 0.023443559 0.999343514 2.437827587
0 0   0 0 0 0 3 5   0 0 0 0 3 5
0.065241866 0.997323995 -0.032988370 14.003834254 -0.997423174 0.066165419 0.027724156 -82.987121894 0.029832661 0.031094583 0.999071070 2.681784797
0.062186353 0.997748256 -0.025124889 13.892530441 -0.997682273 0.062839493 0.026100544 -82.977577209 0.027620608 0.023443559 0.999343514 2.437827587
0 0   0 0 0 0 3 6   0 0 0 0 3 6
0.063439101 0.997402672 -0.034108119 14.210001139 -0.997517492 0.064418877 0.028436346 -83.053058467 0.030559701 0.032219459 0.999013471 2.693949328
0.062186353 0.997748256 -0.025124889 13.892530441 -0.997682273 0.062839493 0.026100544 -82.977577209 0.027620608 0.023443559 0.999343514 2.437827587
0 0   0 0 0 0 3 7   0 0 0 0 3 7
0.063569411 0.997367165 -0.034895959 14.216051804 -0.997637314 0.064421526 0.023861465 -83.069710229 0.026046698 0.033296638 0.999106058 2.740851561
0.062186353 0.997748256 -0.025124889 13.892530441 -0.997682273 0.062839493 0.026100544 -82.977577209 0.027620608 0.023443559 0.999343514 2.437827587
0 0   0 0 0 0 3 8   0 0 0 0 3 8
0.063490447 0.997385380 -0.034517376 14.035947149 -0.997564341 0.064426881 0.026728841 -82.991608502 0.028882809 0.032736261 0.999046655 2.679299723
0.062186353 0.997748256 -0.025124889 13.892530441 -0.997682273 0.062839493 0.026100544 -82.977577209 0.027620608 0.023443559 0.999343514 2.437827587
0 0   0 0 0 0 3 9   0 0 0 0 3 9
0.062707231 0.997434220 -0.034538701 14.363086470 -0.997616515 0.063641987 0.026663184 -82.938791010 0.028792890 0.032784388 0.999047679 2.696580699
0.062186353 0.997748256 -0.025124889 13.892530441 -0.997682273 0.062839493 0.026100544 -82.977577209 0.027620608 0.023443559 0.999343514 2.437827587
0 0   0 0 0 0 4 0   0 0 0 0 4 0
0.061818577 0.997602558 -0.031110680 14.231664058 -0.997858335 0.062442154 0.019487106 -83.186770416 0.021383011 0.029839369 0.999326036 2.724075966
0.062186353 0.997748256 -0.025124889 13.892530441 -0.997682273 0.062839493 0.026100544 -82.977577209 0.027620608 0.023443559 0.999343514 2.437827587
0 0   0 0 0 0 4 1   0 0 0 0 4 1
0.068416776 0.997070027 -0.034216817 14.106220952 -0.997279608 0.069293785 0.025136550 -83.097225466 0.027433920 0.032403955 0.999098342 2.692242398
0.062186353 0.997748256 -0.025124889 13.892530441 -0.997682273 0.062839493 0.026100544 -82.977577209 0.027620608 0.023443559 0.999343514 2.437827587
0 0   0 0 0 0 4 2   0 0 0 0 4 2
0.063228974 0.997369382 -0.035449323 13.880659078 -0.997499162 0.064281542 0.029382416 -83.062149542 0.031583867 0.033502835 0.998939468 2.633109579
0.062186353 0.997748256 -0.025124889 13.892530441 -0.997682273 0.062839493 0.026100544 -82.977577209 0.027620608 0.023443559 0.999343514 2.437827587
0 0   0 0 0 0 4 3   0 0 0 0 4 3
0.064043594 0.997397153 -0.033128891 14.346136063 -0.997523315 0.064948480 0.026999084 -83.112746750 0.029080490 0.031317709 0.999086341 2.721465489
0.062186353 0.997748256 -0.025124889 13.892530441 -0.997682273 0.062839493 0.026100544 -82.977577209 0.027620608 0.023443559 0.999343514 2.437827587
0 0   0 0 0 0 4 4   0 0 0 0 4 4
0.063800193 0.997418232 -0.032963334 14.246492779 -0.997726929 0.064468313 0.019619111 -83.065217396 0.021693562 0.031636689 0.999263962 2.681244134
0.062186353 0.997748256 -0.025124889 13.892530441 -0.997682273 0.062839493 0.026100544 -82.977577209 0.027620608 0.023443559 0.999343514 2.437827587
0 0   0 0 0 0 4 5   0 0 0 0 4 5
0.062630382 0.997579766 -0.030203085 14.187019732 -0.997855899 0.063166652 0.017140390 -83.068912853 0.019006748 0.029064804 0.999396776 2.684683802
0.062186353 0.997748256 -0.025124889 13.892530441 -0.997682273 0.062839493 0.026100544 -82.977577209 0.027620608 0.023443559 0.999343514 2.437827587
0 0   0 0 0 0 4 6   0 0 0 0 4 6
0.064883914 0.997380426 -0.031977409 14.068340654 -0.997530606 0.065690528 0.024854731 -82.959484256 0.026890249 0.030285754 0.999179498 2.655818501
0.062186353 0.997748256 -0.025124889 13.892530441 -0.997682273 0.062839493 0.026100544 -82.977577209 0.027620608 0.023443559 0.999343514 2.437827587
0 0   0 0 0 0 4 7   0 0 0 0 4 7
0.060586668 0.997587935 -0.033879066 14.302910563 -0.997719454 0.061536677 0.027739331 -82.989575659 0.029757240 0.032121151 0.999040900 2.677260548
0.062186353 0.997748256 -0.025124889 13.892530441 -0.997682273 0.062839493 0.026100544 -82.977577209 0.027620608 0.023443559 0.999343514 2.437827587
0 0   0 0 0 0 4 8   0 0 0 0 4 8
0.061325369 0.997529349 -0.034273036 14.080199179 -0.997634634 0.062328024 0.028995347 -83.119416445 0.031059894 0.032413796 0.998991780 2.629830331
0.062186353 0.997748256 -0.025124889 13.892530441 -0.997682273 0.062839493 0.026100544 -82.977577209 0.027620608 0.023443559 0.999343514 2.437827587
0 0   0 0 0 0 4 9   0 0 0 0 4 9
0.059667327 0.997613180 -0.034756731 14.175628007 -0.997886764 0.060508903 0.023686949 -83.107673119 0.025733519 0.033269924 0.999115040 2.674699206
0.062186353 0.997748256 -0.025124889 13.892530441 -0.997682273 0.062839493 0.026100544 -82.977577209 0.027620608 0.023443559 0.999343514 2.437827587
0 0   0 0 0 0 5 0   0 0 0 0 5 0
0.060313616 0.997535299 -0.035859066 14.213607706 -0.997689073 0.061371204 0.029162627 -83.093323592 0.031291477 0.034017274 0.998931241 2.639547301
0.062186353 0.997748256 -0.025124889 13.892530441 -0.997682273 0.062839493 0.026100544 -82.977577209 0.027620608 0.023443559 0.999343514 2.437827587
0 0   0 0 0 0 5 1   0 0 0 0 5 1
0.059616520 0.997619282 -0.034668051 14.221982565 -0.997775534 0.060591958 0.027802137 -83.107831610 0.029836567 0.032933446 0.999012073 2.671574984
0.062186353 0.997748256 -0.025124889 13.892530441 -0.997682273 0.062839493 0.026100544 -82.977577209 0.027620608 0.023443559 0.999343514 2.437827587
0 0   0 0 0 0 5 2   0 0 0 0 5 2
0.061776471 0.997529476 -0.033448806 14.328568421 -0.997698656 0.062656109 0.025922001 -82.997424142 0.027953746 0.031770441 0.999104235 2.670852161
0.062186353 0.997748256 -0.025124889 13.892530441 -0.997682273 0.062839493 0.026100544 -82.977577209 0.027620608 0.023443559 0.999343514 2.437827587
0 0   0 0 0 0 5 3   0 0 0 0 5 3
0.059476398 0.997709902 -0.032214840 14.219126355 -0.998062657 0.060026145 0.016375970 -83.045130181 0.018272211 0.031178421 0.999346902 2.694253351
0.062186353 0.997748256 -0.025124889 13.892530441 -0.997682273 0.062839493 0.026100544 -82.977577209 0.027620608 0.023443559 0.999343514 2.437827587
0 0   0 0 0 0 5 4   0 0 0 0 5 4
0.063946682 0.997309191 -0.035855403 14.026870406 -0.997490983 0.064969530 0.028127015 -83.060940279 0.030380847 0.033966784 0.998961243 2.588449909
0.062186353 0.997748256 -0.025124889 13.892530441 -0.997682273 0.062839493 0.026100544 -82.977577209 0.027620608 0.023443559 0.999343514 2.437827587
0 0   0 0 0 0 5 5   0 0 0 0 5 5
0.065270333 0.997253317 -0.035016284 14.103310980 -0.997399402 0.066274604 0.028330066 -83.055615125 0.030572947 0.033076077 0.998985322 2.669823146
0.062186353 0.997748256 -0.025124889 13.892530441 -0.997682273 0.062839493 0.026100544 -82.977577209 0.027620608 0.023443559 0.999343514 2.437827587
0 0   0 0 0 0 5 6   0 0 0 0 5 6
0.062180581 0.997459967 -0.034753888 14.169320995 -0.997610982 0.063164932 0.027982113 -83.016315605 0.030106270 0.032930881 0.999004326 2.626189936
0.062186353 0.997748256 -0.025124889 13.892530441 -0.997682273 0.062839493 0.026100544 -82.977577209 0.027620608 0.023443559 0.999343514 2.437827587
0 0   0 0 0 0 5 7   0 0 0 0 5 7
0.060999935 0.997590537 -0.033058497 14.142943439 -0.997781098 0.061830272 0.024705900 -83.004489900 0.026690392 0.031478051 0.999148297 2.699402267
0.062186353 0.997748256 -0.025124889 13.892530441 -0.997682273 0.062839493 0.026100544 -82.977577209 0.027620608 0.023443559 0.999343514 2.437827587
0 0   0 0 0 0 5 8   0 0 0 0 5 8
0.062986216 0.997484135 -0.032540801 14.097775819 -0.997771123 0.063657586 0.020024995 -83.112497013 0.022046094 0.031206939 0.999270104 2.630175620
0.062186353 0.997748256 -0.025124889 13.892530441 -0.997682273 0.062839493 0.026100544 -82.977577209 0.027620608 0.023443559 0.999343514 2.437827587
0 0   0 0 0 0 5 9   0 0 0 0 5 9
0.061711181 0.997559050 -0.032686996 14.155431122 -0.997821027 0.062427462 0.021365996 -83.150689123 0.023354419 0.031297214 0.999237576 2.669020318
0.062186353 0.997748256 -0.025124889 13.892530441 -0.997682273 0.062839493 0.026100544 -82.977577209 0.027620608 0.023443559 0.999343514 2.437827587
0 0   0 0 0 0 6 0   0 0 0 0 6 0
0.063319016 0.997458910 -0.032668654 14.178602535 -0.997590075 0.064190238 0.026347012 -83.029289621 0.028377082 0.030921621 0.999119304 2.603404095
0.062186353 0.997748256 -0.025124889 13.892530441 -0.997682273 0.062839493 0.026100544 -82.977577209 0.027620608 0.023443559 0.999343514 2.437827587
0 0   0 0 0 0 6 1   0 0 0 0 6 1
0.062373364 0.997461850 -0.034354522 14.174825047 -0.997630306 0.063311813 0.026941839 -82.989117312 0.029048514 0.032592623 0.999046879 2.668898005
0.062186353 0.997748256 -0.025124889 13.892530441 -0.997682273 0.062839493 0.026100544 -82.977577209 0.027620608 0.023443559 0.999343514 2.437827587
0 0   0 0 0 0 6 2   0 0 0 0 6 2
0.062132353 0.997428574 -0.035728639 14.124848983 -0.997597854 0.063162025 0.028451099 -83.109051846 0.030634644 0.033875045 0.998956791 2.593942115
0.062186353 0.997748256 -0.025124889 13.892530441 -0.997682273 0.062839493 0.026100544 -82.977577209 0.027620608 0.023443559 0.999343514 2.437827587
0 0   0 0 0 0 6 3   0 0 0 0 6 3
0.066885169 0.997172693 -0.034257409 14.109978294 -0.997323505 0.067832858 0.027291565 -83.006150318 0.029538192 0.032340281 0.999040671 2.688724623
0.062186353 0.997748256 -0.025124889 13.892530441 -0.997682273 0.062839493 0.026100544 -82.977577209 0.027620608 0.023443559 0.999343514 2.437827587
0 0   0 0 0 0 6 4   0 0 0 0 6 4
0.065977763 0.997204900 -0.035068030 14.320245897 -0.997291296 0.067047190 0.030248528 -82.928181809 0.032515204 0.032977273 0.998927376 2.646928971
0.062186353 0.997748256 -0.025124889 13.892530441 -0.997682273 0.062839493 0.026100544 -82.977577209 0.027620608 0.023443559 0.999343514 2.437827587
0 0   0 0 0 0 6 5   0 0 0 0 6 5
0.062110995 0.997562082 -0.031820764 14.041596718 -0.997921506 0.062618927 0.015222156 -83.130737543 0.017177632 0.030809119 0.999377985 2.668543872
0.062186353 0.997748256 -0.025124889 13.892530441 -0.997682273 0.062839493 0.026100544 -82.977577209 0.027620608 0.023443559 0.999343514 2.437827587
0 0   0 0 0 0 6 6   0 0 0 0 6 6
0.064288858 0.997292986 -0.035695249 14.134616806 -0.997386287 0.065394761 0.030730102 -83.025568797 0.032981205 0.033626304 0.998890487 2.630755632
0.062186353 0.997748256 -0.025124889 13.892530441 -0.997682273 0.062839493 0.026100544 -82.977577209 0.027620608 0.023443559 0.999343514 2.437827587
0 0   0 0 0 0 6 7   0 0 0 0 6 7
0.061863876 0.997446440 -0.035692790 14.064776218 -0.997577606 0.062932683 0.029641048 -83.119252270 0.031811605 0.033772573 0.998923515 2.644872659
0.062186353 0.997748256 -0.025124889 13.892530441 -0.997682273 0.062839493 0.026100544 -82.977577209 0.027620608 0.023443559 0.999343514 2.437827587
0 0   0 0 0 0 6 8   0 0 0 0 6 8
0.065327482 0.997251521 -0.034960273 14.185393710 -0.997276004 0.066451389 0.032014172 -83.098318595 0.034249348 0.032773594 0.998876141 2.582421820
0.062186353 0.997748256 -0.025124889 13.892530441 -0.997682273 0.062839493 0.026100544 -82.977577209 0.027620608 0.023443559 0.999343514 2.437827587
0 0   0 0 0 0 6 9   0 0 0 0 6 9
0.062717346 0.997424128 -0.034815222 14.118725641 -0.997557539 0.063724212 0.028605755 -83.090278006 0.030750654 0.032936073 0.998984547 2.649905195
0.062186353 0.997748256 -0.025124889 13.892530441 -0.997682273 0.062839493 0.026100544 -82.977577209 0.027620608 0.023443559 0.999343514 2.437827587
0 0   0 0 0 0 7 0   0 0 0 0 7 0
0.064923109 0.997279577 -0.034911720 14.097958313 -0.997346493 0.066002873 0.030720427 -83.099319332 0.032941122 0.032824573 0.998918353 2.634108634
0.062186353 0.997748256 -0.025124889 13.892530441 -0.997682273 0.062839493 0.026100544 -82.977577209 0.027620608 0.023443559 0.999343514 2.437827587
0 0   0 0 0 0 7 1   0 0 0 0 7 1
0.062071380 0.997485002 -0.034223609 14.188065303 -0.997618787 0.063039755 0.027982380 -83.189174369 0.030069455 0.032405165 0.999022620 2.624960466
0.062186353 0.997748256 -0.025124889 13.892530441 -0.997682273 0.062839493 0.026100544 -82.977577209 0.027620608 0.023443559 0.999343514 2.437827587
0 0   0 0 0 0 7 2   0 0 0 0 7 2
0.063721683 0.997313919 -0.036125652 14.112131845 -0.997419926 0.064844359 0.030807154 -83.028302141 0.033066930 0.034069313 0.998872546 2.624759548
0.062186353 0.997748256 -0.025124889 13.892530441 -0.997682273 0.062839493 0.026100544 -82.977577209 0.027620608 0.023443559 0.999343514 2.437827587
0 0   0 0 0 0 7 3   0 0 0 0 7 3
0.064576234 0.997378135 -0.032669498 14.154036737 -0.997405864 0.065552351 0.029746264 -83.077992455 0.031809812 0.030663805 0.999023696 2.583427984
0.062186353 0.997748256 -0.025124889 13.892530441 -0.997682273 0.062839493 0.026100544 -82.977577209 0.027620608 0.023443559 0.999343514 2.437827587
0 0   0 0 0 0 7 4   0 0 0 0 7 4
0.064002709 0.997311858 -0.035681247 14.105933429 -0.997394128 0.065119279 0.031062319 -83.070130814 0.033302318 0.033600149 0.998880600 2.662644937
0.062186353 0.997748256 -0.025124889 13.892530441 -0.997682273 0.062839493 0.026100544 -82.977577209 0.027620608 0.023443559 0.999343514 2.437827587
0 0   0 0 0 0 7 5   0 0 0 0 7 5
0.062537093 0.997357657 -0.036975742 14.121994847 -0.997661033 0.063494953 0.025324799 -83.082420458 0.027605615 0.035305461 0.998995471 2.647858084
0.062186353 0.997748256 -0.025124889 13.892530441 -0.997682273 0.062839493 0.026100544 -82.977577209 0.027620608 0.023443559 0.999343514 2.437827587
0 0   0 0 0 0 7 6   0 0 0 0 7 6
0.064391605 0.997213271 -0.037678804 14.183733712 -0.997358791 0.065580801 0.031226204 -83.028183668 0.033610151 0.035568523 0.998802131 2.655386428
0.062186353 0.997748256 -0.025124889 13.892530441 -0.997682273 0.062839493 0.026100544 -82.977577209 0.027620608 0.023443559 0.999343514 2.437827587
0 0   0 0 0 0 7 7   0 0 0 0 7 7
0.066470364 0.997182239 -0.034778414 14.197818366 -0.997590747 0.067110835 0.017584527 -83.055764181 0.019868952 0.033525713 0.999240539 2.698420836
0.062186353 0.997748256 -0.025124889 13.892530441 -0.997682273 0.062839493 0.026100544 -82.977577209 0.027620608 0.023443559 0.999343514 2.437827587
0 0   0 0 0 0 7 8   0 0 0 0 7 8
0.063582711 0.997257707 -0.037877097 14.090097069 -0.997416409 0.064772827 0.031068852 -83.018685875 0.033437031 0.035803735 0.998799498 2.617067416
0.062186353 0.997748256 -0.025124889 13.892530441 -0.997682273 0.062839493 0.026100544 -82.977577209 0.027620608 0.023443559 0.999343514 2.437827587
0 0   0 0 0 0 7 9   0 0 0 0 7 9
0.065441770 0.997324964 -0.032569033 14.237163376 -0.997522746 0.066229159 0.023715039 -82.906381032 0.025808595 0.030936342 0.999188301 2.688113398
0.062186353 0.997748256 -0.025124889 13.892530441 -0.997682273 0.062839493 0.026100544 -82.977577209 0.027620608 0.023443559 0.999343514 2.437827587
0 0   0 0 0 0 8 0   0 0 0 0 8 0
0.062898777 0.997359712 -0.036302385 14.182417054 -0.997498318 0.064000356 0.030025386 -83.070369476 0.032269440 0.034322942 0.998889916 2.634807754
0.062186353 0.997748256 -0.025124889 13.892530441 -0.997682273 0.062839493 0.026100544 -82.977577209 0.027620608 0.023443559 0.999343514 2.437827587
0 0   0 0 0 0 8 1   0 0 0 0 8 1
0.061689182 0.997460985 -0.035588018 14.149043096 -0.997617767 0.062723642 0.028723302 -82.978490495 0.030882567 0.033731257 0.998953908 2.697728388
0.062186353 0.997748256 -0.025124889 13.892530441 -0.997682273 0.062839493 0.026100544 -82.977577209 0.027620608 0.023443559 0.999343514 2.437827587
0 0   0 0 0 0 8 2   0 0 0 0 8 2
0.064369608 0.997336911 -0.034293779 14.248001014 -0.997346447 0.065465533 0.031855252 -82.952608576 0.034015483 0.032152211 0.998904197 2.658836230
0.062186353 0.997748256 -0.025124889 13.892530441 -0.997682273 0.062839493 0.026100544 -82.977577209 0.027620608 0.023443559 0.999343514 2.437827587
0 0   0 0 0 0 8 3   0 0 0 0 8 3
0.065134397 0.997273533 -0.034690469 14.177852411 -0.997486136 0.066042025 0.025694166 -83.000865822 0.027915142 0.032929634 0.999067928 2.663348764
0.062186353 0.997748256 -0.025124889 13.892530441 -0.997682273 0.062839493 0.026100544 -82.977577209 0.027620608 0.023443559 0.999343514 2.437827587
0 0   0 0 0 0 8 4   0 0 0 0 8 4
0.065522434 0.997193752 -0.036219034 14.046362241 -0.997244921 0.066704579 0.032455570 -82.980377963 0.034780463 0.033992621 0.998816897 2.637684845
0.062186353 0.997748256 -0.025124889 13.892530441 -0.997682273 0.062839493 0.026100544 -82.977577209 0.027620608 0.023443559 0.999343514 2.437827587
0 0   0 0 0 0 8 5   0 0 0 0 8 5
0.065918758 0.997266884 -0.033375523 14.047227592 -0.997368004 0.066864022 0.028045998 -83.008263605 0.030200948 0.031438855 0.999049532 2.670936962
0.062186353 0.997748256 -0.025124889 13.892530441 -0.997682273 0.062839493 0.026100544 -82.977577209 0.027620608 0.023443559 0.999343514 2.437827587
0 0   0 0 0 0 8 6   0 0 0 0 8 6
0.064603934 0.997231496 -0.036827661 14.183546061 -0.997305792 0.065805995 0.032419998 -83.001746027 0.034753714 0.034633913 0.998795856 2.643921949
0.062186353 0.997748256 -0.025124889 13.892530441 -0.997682273 0.062839493 0.026100544 -82.977577209 0.027620608 0.023443559 0.999343514 2.437827587
0 0   0 0 0 0 8 7   0 0 0 0 8 7
0.061126133 0.997613959 -0.032104258 14.042543639 -0.997867328 0.061816555 0.020972224 -82.974975961 0.022906740 0.030753784 0.999264730 2.698688155
0.062186353 0.997748256 -0.025124889 13.892530441 -0.997682273 0.062839493 0.026100544 -82.977577209 0.027620608 0.023443559 0.999343514 2.437827587
0 0   0 0 0 0 8 8   0 0 0 0 8 8
0.065970992 0.997153511 -0.036515139 14.094970932 -0.997264867 0.067112380 0.030968129 -83.016340175 0.033330573 0.034372210 0.998853403 2.658355229
0.062186353 0.997748256 -0.025124889 13.892530441 -0.997682273 0.062839493 0.026100544 -82.977577209 0.027620608 0.023443559 0.999343514 2.437827587
0 0   0 0 0 0 8 9   0 0 0 0 8 9
0.062854741 0.997459821 -0.033523856 14.191176877 -0.997586510 0.063784969 0.027440688 -82.929000043 0.029509272 0.031718123 0.999061370 2.680043350
0.062186353 0.997748256 -0.025124889 13.892530441 -0.997682273 0.062839493 0.026100544 -82.977577209 0.027620608 0.023443559 0.999343514 2.437827587
0 0   0 0 0 0 9 0   0 0 0 0 9 0
0.062733056 0.997340789 -0.037102986 14.111313368 -0.997454478 0.063916376 0.031616075 -83.015502820 0.033903434 0.035025124 0.998811399 2.655332684
0.062186353 0.997748256 -0.025124889 13.892530441 -0.997682273 0.062839493 0.026100544 -82.977577209 0.027620608 0.023443559 0.999343514 2.437827587
0 0   0 0 0 0 9 1   0 0 0 0 9 1
0.063018565 0.997435091 -0.033949342 14.053078554 -0.997543717 0.063994999 0.028486386 -82.975044458 0.030585854 0.032070748 0.999017689 2.718744231
0.062186353 0.997748256 -0.025124889 13.892530441 -0.997682273 0.062839493 0.026100544 -82.977577209 0.027620608 0.023443559 0.999343514 2.437827587
0 0   0 0 0 0 9 2   0 0 0 0 9 2
0.060920972 0.997433480 -0.037624837 14.000048672 -0.997547510 0.062142935 0.032210013 -83.146091507 0.034465387 0.035570270 0.998772840 2.557822890
0.062186353 0.997748256 -0.025124889 13.892530441 -0.997682273 0.062839493 0.026100544 -82.977577209 0.027620608 0.023443559 0.999343514 2.437827587
0 0   0 0 0 0 9 3   0 0 0 0 9 3
0.062734687 0.997495222 -0.032681028 14.236774733 -0.997602417 0.063632936 0.027211436 -82.988508609 0.029222791 0.030895546 0.999095459 2.721251175
0.062186353 0.997748256 -0.025124889 13.892530441 -0.997682273 0.062839493 0.026100544 -82.977577209 0.027620608 0.023443559 0.999343514 2.437827587
0 0   0 0 0 0 9 4   0 0 0 0 9 4
0.063633818 0.997300673 -0.036639718 14.116154660 -0.997369028 0.064829928 0.032439086 -83.067615299 0.034726809 0.034479085 0.998802059 2.632790162
0.062186353 0.997748256 -0.025124889 13.892530441 -0.997682273 0.062839493 0.026100544 -82.977577209 0.027620608 0.023443559 0.999343514 2.437827587
0 0   0 0 0 0 9 5   0 0 0 0 9 5
0.063965729 0.997377270 -0.033873690 14.178268575 -0.997547326 0.064869706 0.026296350 -83.008227493 0.028424693 0.032108527 0.999080302 2.771933165
0.062186353 0.997748256 -0.025124889 13.892530441 -0.997682273 0.062839493 0.026100544 -82.977577209 0.027620608 0.023443559 0.999343514 2.437827587
0 0   0 0 0 0 9 6   0 0 0 0 9 6
0.063591715 0.997328139 -0.035960528 14.098755974 -0.997387290 0.064750552 0.032035598 -83.007017489 0.034278415 0.033829357 0.998839841 2.659167594
0.062186353 0.997748256 -0.025124889 13.892530441 -0.997682273 0.062839493 0.026100544 -82.977577209 0.027620608 0.023443559 0.999343514 2.437827587
0 0   0 0 0 0 9 7   0 0 0 0 9 7
0.061851021 0.997499489 -0.034200141 14.180299509 -0.997852666 0.062540469 0.019471407 -83.050179993 0.021561543 0.032922351 0.999225602 2.755305714
0.062186353 0.997748256 -0.025124889 13.892530441 -0.997682273 0.062839493 0.026100544 -82.977577209 0.027620608 0.023443559 0.999343514 2.437827587
0 0   0 0 0 0 9 8   0 0 0 0 9 8
0.060124699 0.997514998 -0.036733110 14.001343350 -0.997628104 0.061285830 0.031347495 -83.082366754 0.033520743 0.034761224 0.998833647 2.651344640
0.062186353 0.997748256 -0.025124889 13.892530441 -0.997682273 0.062839493 0.026100544 -82.977577209 0.027620608 0.023443559 0.999343514 2.437827587
0 0   0 0 0 0 9 9   0 0 0 0 9 9
0.060234539 0.997447102 -0.038360997 14.227080948 -0.997871749 0.061133073 0.022697835 -83.067475178 0.024984916 0.036912165 0.999006471 2.667852124
0.062186353 0.997748256 -0.025124889 13.892530441 -0.997682273 0.062839493 0.026100544 -82.977577209 0.027620608 0.023443559 0.999343514 2.437827587
0 0   0 0 0 1 0 0   0 0 0 1 0 0
0.062290969 0.997365737 -0.037174846 14.068098796 -0.997475632 0.063483866 0.031821597 -83.117599534 0.034097656 0.035098820 0.998802380 2.614669522
0.062186353 0.997748256 -0.025124889 13.892530441 -0.997682273 0.062839493 0.026100544 -82.977577209 0.027620608 0.023443559 0.999343514 2.437827587
0 0   0 0 0 1 0 1   0 0 0 1 0 1
0.058944098 0.997436464 -0.040579178 14.091385446 -0.997767218 0.060145253 0.029045369 -83.143556397 0.031411394 0.038776545 0.998754451 2.557661677
0.062186353 0.997748256 -0.025124889 13.892530441 -0.997682273 0.062839493 0.026100544 -82.977577209 0.027620608 0.023443559 0.999343514 2.437827587
0 0   0 0 0 1 0 2   0 0 0 1 0 2
0.062271764 0.997495282 -0.033555709 14.157878436 -0.997518433 0.063309655 0.030811373 -82.975926529 0.032858401 0.031553782 0.998962153 2.679380513
0.062186353 0.997748256 -0.025124889 13.892530441 -0.997682273 0.062839493 0.026100544 -82.977577209 0.027620608 0.023443559 0.999343514 2.437827587
0 0   0 0 0 1 0 3   0 0 0 1 0 3
0.058472617 0.997582322 -0.037565503 14.202082802 -0.997792902 0.059588570 0.029308319 -83.071114773 0.031475766 0.035768885 0.998864595 2.645712524
0.062186353 0.997748256 -0.025124889 13.892530441 -0.997682273 0.062839493 0.026100544 -82.977577209 0.027620608 0.023443559 0.999343514 2.437827587
0 0   0 0 0 1 0 4   0 0 0 1 0 4
0.062370468 0.997463097 -0.034322441 14.030820085 -0.997542607 0.063401621 0.029823597 -82.995333062 0.031923867 0.032377992 0.998966047 2.657882755
0.062186353 0.997748256 -0.025124889 13.892530441 -0.997682273 0.062839493 0.026100544 -82.977577209 0.027620608 0.023443559 0.999343514 2.437827587
0 0   0 0 0 1 0 5   0 0 0 1 0 5
0.058108952 0.997594837 -0.037796305 14.107961152 -0.998042903 0.058928163 0.020934634 -83.082532970 0.023111376 0.036505842 0.999066478 2.655802182
0.062186353 0.997748256 -0.025124889 13.892530441 -0.997682273 0.062839493 0.026100544 -82.977577209 0.027620608 0.023443559 0.999343514 2.437827587
0 0   0 0 0 1 0 6   0 0 0 1 0 6
0.066210118 0.997225731 -0.034023332 14.188830801 -0.997313405 0.067210064 0.029138955 -82.879207343 0.031344686 0.032002637 0.998996455 2.704001904
0.062186353 0.997748256 -0.025124889 13.892530441 -0.997682273 0.062839493 0.026100544 -82.977577209 0.027620608 0.023443559 0.999343514 2.437827587
0 0   0 0 0 1 0 7   0 0 0 1 0 7
0.058090162 0.997669222 -0.035806596 14.031636016 -0.997970483 0.058970269 0.024034289 -83.039750993 0.026089642 0.034337766 0.999069921 2.687265593
0.062186353 0.997748256 -0.025124889 13.892530441 -0.997682273 0.062839493 0.026100544 -82.977577209 0.027620608 0.023443559 0.999343514 2.437827587
0 0   0 0 0 1 0 8   0 0 0 1 0 8
0.061730104 0.997404726 -0.037062574 13.947100833 -0.997526996 0.062902892 0.031358601 -83.030247342 0.033608349 0.035035143 0.998821031 2.649119154
0.062186353 0.997748256 -0.025124889 13.892530441 -0.997682273 0.062839493 0.026100544 -82.977577209 0.027620608 0.023443559 0.999343514 2.437827587
0 0   0 0 0 1 0 9   0 0 0 1 0 9
0.060674939 0.997451834 -0.037532761 14.171875110 -0.997620240 0.061833173 0.030509895 -82.913343185 0.032752738 0.035592240 0.998829774 2.619495211
0.062186353 0.997748256 -0.025124889 13.892530441 -0.997682273 0.062839493 0.026100544 -82.977577209 0.027620608 0.023443559 0.999343514 2.437827587
0 0   0 0 0 1 1 0   0 0 0 1 1 0
0.066038356 0.997210631 -0.034786494 14.232175167 -0.997309656 0.067076443 0.029571814 -82.931159439 0.031822529 0.032740025 0.998957383 2.731313892
0.062186353 0.997748256 -0.025124889 13.892530441 -0.997682273 0.062839493 0.026100544 -82.977577209 0.027620608 0.023443559 0.999343514 2.437827587
0 0   0 0 0 1 1 1   0 0 0 1 1 1
0.063758359 0.997419006 -0.033020390 14.253167694 -0.997800092 0.064315198 0.016085611 -83.013414901 0.018167661 0.031922142 0.999325451 2.770019539
0.062186353 0.997748256 -0.025124889 13.892530441 -0.997682273 0.062839493 0.026100544 -82.977577209 0.027620608 0.023443559 0.999343514 2.437827587
0 0   0 0 0 1 1 2   0 0 0 1 1 2
0.066381126 0.997134263 -0.036289278 14.208280895 -0.997275498 0.067475545 0.029815056 -82.890714530 0.032178149 0.034211237 0.998896667 2.690984520
0.062186353 0.997748256 -0.025124889 13.892530441 -0.997682273 0.062839493 0.026100544 -82.977577209 0.027620608 0.023443559 0.999343514 2.437827587
0 0   0 0 0 1 1 3   0 0 0 1 1 3
0.063101482 0.997168283 -0.040910980 14.185789865 -0.997398788 0.064441124 0.032298403 -83.032484454 0.034843228 0.038766481 0.998640833 2.562812269
0.062186353 0.997748256 -0.025124889 13.892530441 -0.997682273 0.062839493 0.026100544 -82.977577209 0.027620608 0.023443559 0.999343514 2.437827587
0 0   0 0 0 1 1 4   0 0 0 1 1 4
0.063906872 0.997305137 -0.036034065 14.085873133 -0.997430615 0.065002922 0.030114251 -82.974232664 0.032375396 0.034016963 0.998896942 2.643979378
0.062186353 0.997748256 -0.025124889 13.892530441 -0.997682273 0.062839493 0.026100544 -82.977577209 0.027620608 0.023443559 0.999343514 2.437827587
0 0   0 0 0 1 1 5   0 0 0 1 1 5
0.061757085 0.997455861 -0.035607870 14.210676379 -0.997852485 0.062483178 0.019653006 -82.968389259 0.021827794 0.034317675 0.999172826 2.752370067
0.062186353 0.997748256 -0.025124889 13.892530441 -0.997682273 0.062839493 0.026100544 -82.977577209 0.027620608 0.023443559 0.999343514 2.437827587
0 0   0 0 0 1 1 6   0 0 0 1 1 6
0.063990676 0.997254191 -0.037274220 13.999698600 -0.997400831 0.065150210 0.030772370 -82.961197917 0.033116254 0.035208188 0.998831461 2.674387146
0.062186353 0.997748256 -0.025124889 13.892530441 -0.997682273 0.062839493 0.026100544 -82.977577209 0.027620608 0.023443559 0.999343514 2.437827587
0 0   0 0 0 1 1 7   0 0 0 1 1 7
0.061554896 0.997169637 -0.043172159 14.276351659 -0.997424188 0.063051132 0.034197350 -82.866445367 0.036822487 0.040955935 0.998482488 2.595619487
0.062186353 0.997748256 -0.025124889 13.892530441 -0.997682273 0.062839493 0.026100544 -82.977577209 0.027620608 0.023443559 0.999343514 2.437827587
0 0   0 0 0 1 1 8   0 0 0 1 1 8
0.063057569 0.997289099 -0.037923608 14.025275241 -0.997374967 0.064327032 0.033241868 -82.986532265 0.035591123 0.035727911 0.998727874 2.596983037
0.062186353 0.997748256 -0.025124889 13.892530441 -0.997682273 0.062839493 0.026100544 -82.977577209 0.027620608 0.023443559 0.999343514 2.437827587
0 0   0 0 0 1 1 9   0 0 0 1 1 9
0.059386441 0.997204168 -0.045353937 14.147230337 -0.997516561 0.061005775 0.035196718 -82.980646655 0.037864952 0.043151097 0.998351025 2.596469738
0.062186353 0.997748256 -0.025124889 13.892530441 -0.997682273 0.062839493 0.026100544 -82.977577209 0.027620608 0.023443559 0.999343514 2.437827587
0 0   0 0 0 1 2 0   0 0 0 1 2 0
0.063509740 0.997389406 -0.034362064 14.090107730 -0.997682192 0.064295683 0.022272558 -83.041476897 0.024423504 0.032867911 0.999161589 2.635313883
