[section sign] DEMO on 2024-10-10 04:31:34 rot_test 10.000 rotation_best_modelrmae:0.044/0.044 tmae:0.020234/0.018
0
-0.651523781 0.758504716 -0.013683359 1722.435599458 -0.756248980 -0.650802051 -0.067411610 961.868416171 -0.060037187 -0.033572260 0.997631365 2.541096466
-0.647722185 0.761798918 -0.010875856 1722.771728516 -0.760701180 -0.647449613 -0.046291616 961.275512695 -0.042306472 -0.021710832 0.998868763 1.841290712
1
-0.646636426 0.762759798 -0.007658959 1725.947185980 -0.761120813 -0.645847191 -0.059804987 958.637548840 -0.050563364 -0.032842710 0.998180615 3.269824044
-0.652773499 0.757544518 0.003630700 1726.354980469 -0.756775320 -0.651878595 -0.048427589 958.149414062 -0.034319274 -0.034359865 0.998820007 1.829761744
2
-0.634012205 0.773087540 0.019085488 1730.242523830 -0.772052648 -0.631363504 -0.072901340 956.212842389 -0.044309233 -0.060955356 0.997156317 2.312704198
-0.652773499 0.757544518 0.003630700 1726.354980469 -0.756775320 -0.651878595 -0.048427589 958.149414062 -0.034319274 -0.034359865 0.998820007 1.829761744
3
-0.655836603 0.754872558 0.006774317 1726.094593438 -0.753206921 -0.653735215 -0.072865929 958.588388380 -0.050575877 -0.052890618 0.997318520 2.471801325
-0.652773499 0.757544518 0.003630700 1726.354980469 -0.756775320 -0.651878595 -0.048427589 958.149414062 -0.034319274 -0.034359865 0.998820007 1.829761744
4
-0.650207872 0.759756172 0.000646862 1726.217690685 -0.758029991 -0.648672310 -0.067931039 958.866834529 -0.051191423 -0.044659650 0.997689612 2.676846897
-0.652773499 0.757544518 0.003630700 1726.354980469 -0.756775320 -0.651878595 -0.048427589 958.149414062 -0.034319274 -0.034359865 0.998820007 1.829761744
5
-0.653360005 0.757044459 0.002140784 1726.126617368 -0.755271422 -0.651630570 -0.070303636 958.665029369 -0.051827974 -0.047550469 0.997523184 2.542683772
-0.652773499 0.757544518 0.003630700 1726.354980469 -0.756775320 -0.651878595 -0.048427589 958.149414062 -0.034319274 -0.034359865 0.998820007 1.829761744
6
-0.658019637 0.752589496 0.024890202 1729.398073290 -0.752549626 -0.656121110 -0.056339850 955.509121468 -0.026069783 -0.055803850 0.998101286 2.618630646
-0.655894935 0.754190385 0.031601775 1729.965942383 -0.754790068 -0.654728413 -0.040281877 955.034545898 -0.009689623 -0.050273377 0.998688638 1.814997196
7
-0.645139104 0.762137468 0.054243708 1731.053862659 -0.763755099 -0.641226451 -0.074208098 955.050083724 -0.021774268 -0.089303459 0.995766381 2.217413677
-0.655894935 0.754190385 0.031601775 1729.965942383 -0.754790068 -0.654728413 -0.040281877 955.034545898 -0.009689623 -0.050273377 0.998688638 1.814997196
8
-0.655024062 0.754711860 0.036794256 1729.895091334 -0.755227953 -0.652372622 -0.063566634 955.468060894 -0.023970922 -0.069425737 0.997299017 2.414893698
-0.655894935 0.754190385 0.031601775 1729.965942383 -0.754790068 -0.654728413 -0.040281877 955.034545898 -0.009689623 -0.050273377 0.998688638 1.814997196
9
-0.653687784 0.755858330 0.037023859 1730.112653491 -0.756427102 -0.651152572 -0.061792890 955.552932494 -0.022598483 -0.068399122 0.997401967 2.403826584
-0.655894935 0.754190385 0.031601775 1729.965942383 -0.754790068 -0.654728413 -0.040281877 955.034545898 -0.009689623 -0.050273377 0.998688638 1.814997196
1 0
-0.659043518 0.751034579 0.040112103 1729.915579469 -0.751667114 -0.655902252 -0.069200908 955.436814289 -0.025662649 -0.075757369 0.996795880 2.488422539
-0.655894935 0.754190385 0.031601775 1729.965942383 -0.754790068 -0.654728413 -0.040281877 955.034545898 -0.009689623 -0.050273377 0.998688638 1.814997196
1 1
-0.657045964 0.753569486 0.020588425 1732.981511911 -0.753755767 -0.656284268 -0.033810650 952.608172346 -0.011966810 -0.037733812 0.999216011 2.664804119
-0.655354381 0.754921615 0.024577390 1733.554443359 -0.755306423 -0.655200064 -0.015004608 951.930358887 0.004775804 -0.028396796 0.999585330 1.836198688
1 2
-0.653100369 0.757040402 0.018708014 1733.487150396 -0.757186951 -0.652458457 -0.031077891 952.371146899 -0.011321010 -0.034462461 0.999341720 2.507778064
-0.655354381 0.754921615 0.024577390 1733.554443359 -0.755306423 -0.655200064 -0.015004608 951.930358887 0.004775804 -0.028396796 0.999585330 1.836198688
1 3
-0.654379064 0.755818246 0.022960132 1733.305553470 -0.756091067 -0.653581155 -0.034029681 952.501796312 -0.010713937 -0.039628273 0.999156946 2.525602377
-0.655354381 0.754921615 0.024577390 1733.554443359 -0.755306423 -0.655200064 -0.015004608 951.930358887 0.004775804 -0.028396796 0.999585330 1.836198688
1 4
-0.656039192 0.754186407 0.028564057 1733.624343186 -0.754657132 -0.654992431 -0.038440612 952.596772120 -0.010282137 -0.046774627 0.998852528 2.545695701
-0.655354381 0.754921615 0.024577390 1733.554443359 -0.755306423 -0.655200064 -0.015004608 951.930358887 0.004775804 -0.028396796 0.999585330 1.836198688
1 5
-0.655677090 0.754544669 0.027393005 1733.438086689 -0.754976193 -0.654710207 -0.036954596 952.370042704 -0.009949405 -0.044911361 0.998941442 2.488107433
-0.655354381 0.754921615 0.024577390 1733.554443359 -0.755306423 -0.655200064 -0.015004608 951.930358887 0.004775804 -0.028396796 0.999585330 1.836198688
1 6
-0.656852438 0.753680513 0.022604366 1736.671076554 -0.753919489 -0.655981854 -0.035962218 949.440612370 -0.012275960 -0.040663755 0.999097513 2.560368775
-0.650736213 0.758982420 0.022091119 1737.045776367 -0.759299219 -0.650557220 -0.015485586 948.867919922 0.002618252 -0.026850807 0.999636054 1.837697983
1 7
-0.647796749 0.760868671 0.037930209 1737.221912266 -0.761775239 -0.646461368 -0.042264830 949.201528657 -0.007637563 -0.056273322 0.998386225 2.405772773
-0.650736213 0.758982420 0.022091119 1737.045776367 -0.759299219 -0.650557220 -0.015485586 948.867919922 0.002618252 -0.026850807 0.999636054 1.837697983
1 8
-0.654845613 0.755363884 0.024558387 1736.884438357 -0.755665602 -0.653893470 -0.037322737 949.435678631 -0.012133668 -0.042998568 0.999001458 2.549133030
-0.650736213 0.758982420 0.022091119 1737.045776367 -0.759299219 -0.650557220 -0.015485586 948.867919922 0.002618252 -0.026850807 0.999636054 1.837697983
1 9
-0.653805408 0.756367208 0.021158775 1737.003389709 -0.756595652 -0.653117786 -0.031629250 949.332506983 -0.010104145 -0.036688019 0.999275700 2.491731228
-0.650736213 0.758982420 0.022091119 1737.045776367 -0.759299219 -0.650557220 -0.015485586 948.867919922 0.002618252 -0.026850807 0.999636054 1.837697983
2 0
-0.652429017 0.757618018 0.018760652 1736.963255686 -0.757756434 -0.651758685 -0.031876294 949.439688662 -0.011922622 -0.035013034 0.999315785 2.521761818
-0.650736213 0.758982420 0.022091119 1737.045776367 -0.759299219 -0.650557220 -0.015485586 948.867919922 0.002618252 -0.026850807 0.999636054 1.837697983
2 1
-0.650517974 0.759382762 0.012840645 1739.917678083 -0.759391771 -0.650066210 -0.027172868 946.294301751 -0.012287318 -0.027427536 0.999548335 2.691845137
-0.644873857 0.763933778 0.023300722 1740.580688477 -0.764276743 -0.644737005 -0.013976839 945.827270508 0.004345460 -0.026821492 0.999630809 1.837700129
2 2
-0.632184059 0.774296924 0.028429831 1740.734989731 -0.774733542 -0.631145496 -0.037994186 946.133552768 -0.011475406 -0.046044877 0.998873503 2.490664429
-0.644873857 0.763933778 0.023300722 1740.580688477 -0.764276743 -0.644737005 -0.013976839 945.827270508 0.004345460 -0.026821492 0.999630809 1.837700129
2 3
-0.648763053 0.760633049 0.023333288 1740.373054812 -0.760936788 -0.648046662 -0.031794994 946.261514974 -0.009063250 -0.038382590 0.999222056 2.515949043
-0.644873857 0.763933778 0.023300722 1740.580688477 -0.764276743 -0.644737005 -0.013976839 945.827270508 0.004345460 -0.026821492 0.999630809 1.837700129
2 4
-0.648053442 0.761385099 0.017888848 1740.584868968 -0.761505717 -0.647438512 -0.030537925 946.482892273 -0.011669177 -0.033412687 0.999373589 2.496031793
-0.644873857 0.763933778 0.023300722 1740.580688477 -0.764276743 -0.644737005 -0.013976839 945.827270508 0.004345460 -0.026821492 0.999630809 1.837700129
2 5
-0.647767668 0.761391374 0.026090868 1740.459261805 -0.761789979 -0.646961314 -0.033424596 946.145577882 -0.008569399 -0.041527152 0.999100704 2.490460251
-0.644873857 0.763933778 0.023300722 1740.580688477 -0.764276743 -0.644737005 -0.013976839 945.827270508 0.004345460 -0.026821492 0.999630809 1.837700129
2 6
-0.635691005 0.771873819 0.010401980 1743.576723496 -0.771877306 -0.635401169 -0.021699743 943.817207043 -0.010140019 -0.021823401 0.999710433 2.856729856
-0.638049722 0.769817233 0.016559524 1744.100097656 -0.769989848 -0.637976825 -0.010048579 942.842529297 0.002829025 -0.019162165 0.999812424 1.844936967
2 7
-0.637797654 0.769859391 0.023044996 1744.190249939 -0.770173962 -0.637221599 -0.027942094 943.246737990 -0.006826706 -0.035570074 0.999343859 2.494331190
-0.638049722 0.769817233 0.016559524 1744.100097656 -0.769989848 -0.637976825 -0.010048579 942.842529297 0.002829025 -0.019162165 0.999812424 1.844936967
2 8
-0.635636873 0.771920231 0.010265050 1744.033893575 -0.771888139 -0.635283653 -0.024565518 943.762757224 -0.012441395 -0.023538236 0.999645515 2.623258072
-0.638049722 0.769817233 0.016559524 1744.100097656 -0.769989848 -0.637976825 -0.010048579 942.842529297 0.002829025 -0.019162165 0.999812424 1.844936967
2 9
-0.631855526 0.774710088 0.024154395 1744.301738346 -0.775025560 -0.631108370 -0.032214253 943.257403565 -0.009712657 -0.039075035 0.999189102 2.491947744
-0.638049722 0.769817233 0.016559524 1744.100097656 -0.769989848 -0.637976825 -0.010048579 942.842529297 0.002829025 -0.019162165 0.999812424 1.844936967
3 0
-0.638088755 0.769862800 0.012437094 1744.036733770 -0.769880526 -0.637700337 -0.024950305 943.678766047 -0.011277160 -0.025495600 0.999611413 2.543402406
-0.638049722 0.769817233 0.016559524 1744.100097656 -0.769989848 -0.637976825 -0.010048579 942.842529297 0.002829025 -0.019162165 0.999812424 1.844936967
3 1
-0.651381213 0.758722174 0.006632086 1747.443190409 -0.758697681 -0.651206811 -0.017546720 941.257805622 -0.008994213 -0.016461358 0.999824213 3.110027533
-0.634889722 0.772306204 0.021404875 1747.555541992 -0.772579610 -0.634840906 -0.009874022 939.972045898 0.005962921 -0.022805888 0.999722183 1.841467619
3 2
-0.624512537 0.780619516 0.024862033 1747.954465914 -0.780976309 -0.623847240 -0.029850527 939.872320471 -0.007791782 -0.038058680 0.999245300 2.343867830
-0.634889722 0.772306204 0.021404875 1747.555541992 -0.772579610 -0.634840906 -0.009874022 939.972045898 0.005962921 -0.022805888 0.999722183 1.841467619
3 3
-0.645686952 0.763386254 0.018183815 1747.213711845 -0.763533345 -0.645124275 -0.028843423 940.683459997 -0.010287845 -0.032507766 0.999418704 2.655371140
-0.634889722 0.772306204 0.021404875 1747.555541992 -0.772579610 -0.634840906 -0.009874022 939.972045898 0.005962921 -0.022805888 0.999722183 1.841467619
3 4
-0.633050646 0.773921345 0.017132442 1747.490400441 -0.774059614 -0.632599186 -0.025503777 940.883822527 -0.008899944 -0.029406713 0.999528105 2.595661912
-0.634889722 0.772306204 0.021404875 1747.555541992 -0.772579610 -0.634840906 -0.009874022 939.972045898 0.005962921 -0.022805888 0.999722183 1.841467619
3 5
-0.648089699 0.761243111 0.022125429 1747.274712771 -0.761552675 -0.647645026 -0.024368315 940.759087200 -0.004220784 -0.032642538 0.999458346 2.681710133
-0.634889722 0.772306204 0.021404875 1747.555541992 -0.772579610 -0.634840906 -0.009874022 939.972045898 0.005962921 -0.022805888 0.999722183 1.841467619
3 6
-0.630567309 0.775977662 0.015631105 1750.589084113 -0.776102399 -0.630228364 -0.021852506 938.585293072 -0.007105884 -0.025910827 0.999639133 3.064612454
-0.633963645 0.772967279 0.024730055 1750.921630859 -0.773319304 -0.633943081 -0.009663024 937.187622070 0.008208246 -0.025250237 0.999647498 1.839104891
3 7
-0.634218956 0.772449323 0.033002584 1751.139707141 -0.773151234 -0.633525893 -0.029706674 937.564454754 -0.002038907 -0.044356537 0.999013850 2.477327596
-0.633963645 0.772967279 0.024730055 1750.921630859 -0.773319304 -0.633943081 -0.009663024 937.187622070 0.008208246 -0.025250237 0.999647498 1.839104891
3 8
-0.629316709 0.776804082 0.023167484 1750.906853066 -0.777104810 -0.628681310 -0.029467188 937.990733985 -0.008325262 -0.036547758 0.999297390 2.435495462
-0.633963645 0.772967279 0.024730055 1750.921630859 -0.773319304 -0.633943081 -0.009663024 937.187622070 0.008208246 -0.025250237 0.999647498 1.839104891
3 9
-0.641648600 0.766264779 0.033557704 1751.163880455 -0.766998820 -0.641077641 -0.027067352 937.792583256 0.000772322 -0.043106438 0.999070298 2.467123845
-0.633963645 0.772967279 0.024730055 1750.921630859 -0.773319304 -0.633943081 -0.009663024 937.187622070 0.008208246 -0.025250237 0.999647498 1.839104891
4 0
-0.625886294 0.779638770 0.020746806 1750.812055891 -0.779890706 -0.625436436 -0.024494722 937.816993006 -0.006121234 -0.031511137 0.999484725 2.429243847
-0.633963645 0.772967279 0.024730055 1750.921630859 -0.773319304 -0.633943081 -0.009663024 937.187622070 0.008208246 -0.025250237 0.999647498 1.839104891
4 1
-0.641559804 0.767043680 0.006761911 1754.077452901 -0.766905705 -0.641209907 -0.026565633 936.042565238 -0.016041215 -0.022229168 0.999624281 3.631700663
-0.631333053 0.774985075 0.028578900 1754.148803711 -0.775509536 -0.630991340 -0.020852294 934.497375488 0.001872823 -0.035327956 0.999373972 1.829595566
4 2
-0.667853940 0.743885478 0.024624635 1754.138883801 -0.744142045 -0.666686621 -0.042213058 934.482597821 -0.014984787 -0.046516344 0.998805292 2.315659803
-0.631333053 0.774985075 0.028578900 1754.148803711 -0.775509536 -0.630991340 -0.020852294 934.497375488 0.001872823 -0.035327956 0.999373972 1.829595566
4 3
-0.643317682 0.765252710 0.023057290 1753.919819035 -0.765478827 -0.642388159 -0.037149488 935.311738816 -0.013617031 -0.041548753 0.999043930 2.410293565
-0.631333053 0.774985075 0.028578900 1754.148803711 -0.775509536 -0.630991340 -0.020852294 934.497375488 0.001872823 -0.035327956 0.999373972 1.829595566
4 4
-0.619266576 0.784792264 0.024719528 1753.885280112 -0.785002853 -0.618147205 -0.040805367 935.187262804 -0.016743449 -0.044674255 0.998861587 2.690521994
-0.631333053 0.774985075 0.028578900 1754.148803711 -0.775509536 -0.630991340 -0.020852294 934.497375488 0.001872823 -0.035327956 0.999373972 1.829595566
4 5
-0.645920603 0.763040663 0.023592599 1753.875822072 -0.763313147 -0.645053950 -0.035482153 935.240619016 -0.011855847 -0.040927145 0.999092076 2.558841279
-0.631333053 0.774985075 0.028578900 1754.148803711 -0.775509536 -0.630991340 -0.020852294 934.497375488 0.001872823 -0.035327956 0.999373972 1.829595566
4 6
-0.613915771 0.789229970 0.014984127 1756.824534000 -0.789133715 -0.613153041 -0.036219910 933.125791303 -0.019398287 -0.034060410 0.999231807 3.190983087
-0.627919734 0.777890861 0.024543243 1757.238281250 -0.778276086 -0.627534151 -0.022073064 931.954956055 -0.001768714 -0.032961532 0.999455154 1.831910372
4 7
-0.608934235 0.792301737 0.038186300 1757.930783707 -0.793200932 -0.608557346 -0.022155411 932.563286967 0.005684767 -0.043780554 0.999025345 2.292202969
-0.627919734 0.777890861 0.024543243 1757.238281250 -0.778276086 -0.627534151 -0.022073064 931.954956055 -0.001768714 -0.032961532 0.999455154 1.831910372
4 8
-0.615370371 0.787826091 0.025505844 1757.007261577 -0.787966615 -0.613985384 -0.046165577 932.518192969 -0.020710242 -0.048506651 0.998608460 2.345712621
-0.627919734 0.777890861 0.024543243 1757.238281250 -0.778276086 -0.627534151 -0.022073064 931.954956055 -0.001768714 -0.032961532 0.999455154 1.831910372
4 9
-0.630532700 0.775367850 0.035134944 1757.437576885 -0.776127614 -0.629422639 -0.038128348 932.359566157 -0.007448804 -0.051310337 0.998655253 2.479316655
-0.627919734 0.777890861 0.024543243 1757.238281250 -0.778276086 -0.627534151 -0.022073064 931.954956055 -0.001768714 -0.032961532 0.999455154 1.831910372
5 0
-0.611017607 0.791173704 0.026512873 1757.124864558 -0.791427203 -0.609793044 -0.042380447 932.481272168 -0.017362950 -0.046878183 0.998749967 2.341667751
-0.627919734 0.777890861 0.024543243 1757.238281250 -0.778276086 -0.627534151 -0.022073064 931.954956055 -0.001768714 -0.032961532 0.999455154 1.831910372
5 1
-0.612617445 0.790371372 -0.003769861 1759.997965477 -0.790262340 -0.612601278 -0.014342861 930.701048269 -0.013645669 -0.005807494 0.999890282 3.702976860
-0.626362979 0.779241920 0.021243423 1760.184936523 -0.779523671 -0.626002252 -0.021543050 929.536865234 -0.003488817 -0.030053519 0.999542356 1.834697843
5 2
-0.665877363 0.745995525 0.009964208 1760.161990667 -0.745673865 -0.665040770 -0.041133005 929.480094583 -0.024058499 -0.034819528 0.999104249 2.519455662
-0.626362979 0.779241920 0.021243423 1760.184936523 -0.779523671 -0.626002252 -0.021543050 929.536865234 -0.003488817 -0.030053519 0.999542356 1.834697843
5 3
-0.643294943 0.765514941 0.012638144 1760.084519120 -0.765550185 -0.642927806 -0.024029235 930.895792746 -0.010269429 -0.025132967 0.999631615 3.225907588
-0.626362979 0.779241920 0.021243423 1760.184936523 -0.779523671 -0.626002252 -0.021543050 929.536865234 -0.003488817 -0.030053519 0.999542356 1.834697843
5 4
-0.607969466 0.793527078 0.026249146 1760.192915837 -0.793867262 -0.607057552 -0.035446697 929.745020905 -0.012193291 -0.042388766 0.999026975 2.743072575
-0.626362979 0.779241920 0.021243423 1760.184936523 -0.779523671 -0.626002252 -0.021543050 929.536865234 -0.003488817 -0.030053519 0.999542356 1.834697843
5 5
-0.630975176 0.775337847 0.026880913 1760.086708263 -0.775697714 -0.629938198 -0.038358679 929.977550928 -0.012807757 -0.045054771 0.998902546 2.495089728
-0.626362979 0.779241920 0.021243423 1760.184936523 -0.779523671 -0.626002252 -0.021543050 929.536865234 -0.003488817 -0.030053519 0.999542356 1.834697843
5 6
-0.605077682 0.795377025 0.035458204 1762.730500028 -0.796157532 -0.604255693 -0.031758512 927.868700970 -0.003834343 -0.047446594 0.998866529 3.083493080
-0.629110277 0.776816130 0.027871896 1762.995849609 -0.777316093 -0.628707349 -0.022511434 927.252746582 0.000036019 -0.035827447 0.999357998 1.829135776
5 7
-0.626374868 0.778416166 0.041517570 1763.241502824 -0.779522304 -0.625479226 -0.033482343 928.012715495 -0.000094973 -0.053336278 0.998576730 2.359597356
-0.629110277 0.776816130 0.027871896 1762.995849609 -0.777316093 -0.628707349 -0.022511434 927.252746582 0.000036019 -0.035827447 0.999357998 1.829135776
5 8
-0.596100517 0.802482652 0.026204494 1762.581717768 -0.802743933 -0.594995393 -0.039787395 927.898393288 -0.016337272 -0.044752685 0.998864654 2.744701828
-0.629110277 0.776816130 0.027871896 1762.995849609 -0.777316093 -0.628707349 -0.022511434 927.252746582 0.000036019 -0.035827447 0.999357998 1.829135776
5 9
-0.599894147 0.799155029 0.038459268 1763.302415912 -0.800047399 -0.598744276 -0.037813139 927.827089714 -0.007191402 -0.053452988 0.998544678 2.391547720
-0.629110277 0.776816130 0.027871896 1762.995849609 -0.777316093 -0.628707349 -0.022511434 927.252746582 0.000036019 -0.035827447 0.999357998 1.829135776
6 0
-0.636905210 0.770612088 0.022575434 1762.920023734 -0.770712921 -0.635727899 -0.043035187 927.495280542 -0.018811726 -0.044808385 0.998818755 2.457924787
-0.629110277 0.776816130 0.027871896 1762.995849609 -0.777316093 -0.628707349 -0.022511434 927.252746582 0.000036019 -0.035827447 0.999357998 1.829135776
6 1
-0.637726443 0.770247527 -0.004983056 1765.016755808 -0.770064958 -0.637695501 -0.018568183 925.484396498 -0.017479836 -0.008004004 0.999815484 3.390518021
-0.635321259 0.771715343 0.028675361 1765.692138672 -0.772245049 -0.634980559 -0.020909159 925.018310547 0.002072375 -0.035428442 0.999370039 1.829498529
6 2
-0.647499319 0.761695570 0.023782978 1765.463067347 -0.761995985 -0.646699792 -0.033792773 924.919500167 -0.010359437 -0.040003205 0.999146201 3.113309696
-0.635321259 0.771715343 0.028675361 1765.692138672 -0.772245049 -0.634980559 -0.020909159 925.018310547 0.002072375 -0.035428442 0.999370039 1.829498529
6 3
-0.648096887 0.761109781 0.026145237 1765.461262339 -0.761447543 -0.647035199 -0.039287104 925.730647941 -0.012984938 -0.045369955 0.998886216 3.045162419
-0.635321259 0.771715343 0.028675361 1765.692138672 -0.772245049 -0.634980559 -0.020909159 925.018310547 0.002072375 -0.035428442 0.999370039 1.829498529
6 4
-0.634658948 0.772452326 0.022945889 1765.665695802 -0.772719550 -0.633910941 -0.032584061 925.237012465 -0.010624036 -0.038410421 0.999205895 2.898002762
-0.635321259 0.771715343 0.028675361 1765.692138672 -0.772245049 -0.634980559 -0.020909159 925.018310547 0.002072375 -0.035428442 0.999370039 1.829498529
6 5
-0.627298062 0.777919010 0.036608558 1765.597912686 -0.778760297 -0.626259908 -0.036484184 925.347852494 -0.005455269 -0.051395669 0.998663779 2.692850196
-0.635321259 0.771715343 0.028675361 1765.692138672 -0.772245049 -0.634980559 -0.020909159 925.018310547 0.002072375 -0.035428442 0.999370039 1.829498529
6 6
-0.614836448 0.787275163 0.046635455 1767.966436695 -0.788436331 -0.614982171 -0.012855390 923.893070544 0.018559202 -0.044672975 0.998829620 3.243707255
-0.639160097 0.768264711 0.035263870 1768.262817383 -0.768937111 -0.639238477 -0.010478131 922.863342285 0.014492043 -0.033812903 0.999323130 1.830750585
6 7
-0.571512217 0.819509319 0.042179196 1769.395631130 -0.820164125 -0.572120824 0.002944966 923.961606799 0.026545039 -0.032910720 0.999106083 2.230243589
-0.639160097 0.768264711 0.035263870 1768.262817383 -0.768937111 -0.639238477 -0.010478131 922.863342285 0.014492043 -0.033812903 0.999323130 1.830750585
6 8
-0.626286879 0.778949156 0.031680860 1768.116942478 -0.779581833 -0.625546331 -0.030723840 923.420117104 -0.004114457 -0.043939736 0.999026083 2.541130016
-0.639160097 0.768264711 0.035263870 1768.262817383 -0.768937111 -0.639238477 -0.010478131 922.863342285 0.014492043 -0.033812903 0.999323130 1.830750585
6 9
-0.638526740 0.768497497 0.041181379 1768.103914683 -0.769569328 -0.638061893 -0.025300013 923.412860238 0.006833334 -0.047846627 0.998831724 2.572505369
-0.639160097 0.768264711 0.035263870 1768.262817383 -0.768937111 -0.639238477 -0.010478131 922.863342285 0.014492043 -0.033812903 0.999323130 1.830750585
7 0
-0.627547734 0.777927988 0.031820294 1768.146493366 -0.778561343 -0.626742186 -0.032193936 923.115321372 -0.005101387 -0.044977262 0.998975362 2.496821657
-0.639160097 0.768264711 0.035263870 1768.262817383 -0.768937111 -0.639238477 -0.010478131 922.863342285 0.014492043 -0.033812903 0.999323130 1.830750585
7 1
-0.651779787 0.757801265 0.030348731 1770.589370743 -0.758364910 -0.651648186 -0.015403238 921.974500591 0.008104152 -0.033054945 0.999420976 2.972959129
-0.639832377 0.767649710 0.036447234 1770.719848633 -0.768305540 -0.640044332 -0.007049766 920.796081543 0.017916089 -0.032513279 0.999310732 1.831869841
7 2
-0.626766307 0.778699582 0.028136869 1770.673931935 -0.779196704 -0.626537105 -0.017429120 921.215446777 0.004056837 -0.032848134 0.999452387 2.662090289
-0.639832377 0.767649710 0.036447234 1770.719848633 -0.768305540 -0.640044332 -0.007049766 920.796081543 0.017916089 -0.032513279 0.999310732 1.831869841
7 3
-0.658700153 0.751690976 0.032795291 1770.546211714 -0.752404058 -0.658159231 -0.026732981 921.542054285 0.001489622 -0.042284320 0.999104749 2.991878129
-0.639832377 0.767649710 0.036447234 1770.719848633 -0.768305540 -0.640044332 -0.007049766 920.796081543 0.017916089 -0.032513279 0.999310732 1.831869841
7 4
-0.653103290 0.756300308 0.038296406 1770.792149655 -0.757003465 -0.653377847 -0.006579292 921.084317713 0.020046166 -0.033287435 0.999245001 2.891834489
-0.639832377 0.767649710 0.036447234 1770.719848633 -0.768305540 -0.640044332 -0.007049766 920.796081543 0.017916089 -0.032513279 0.999310732 1.831869841
7 5
-0.628923448 0.776298686 0.042618492 1770.824024823 -0.777405332 -0.628619573 -0.021875748 921.191410360 0.009808775 -0.046889990 0.998852148 2.572332624
-0.639832377 0.767649710 0.036447234 1770.719848633 -0.768305540 -0.640044332 -0.007049766 920.796081543 0.017916089 -0.032513279 0.999310732 1.831869841
7 6
-0.627584074 0.777384463 0.042570855 1772.769080638 -0.778235654 -0.627944021 -0.005985487 919.632279558 0.022079147 -0.036886542 0.999075827 2.936882491
-0.644140601 0.764261007 0.031428792 1773.107543945 -0.764704049 -0.644372404 -0.003445635 918.758117676 0.017618477 -0.026253201 0.999500155 1.837847590
7 7
-0.627904994 0.777632372 0.031997393 1773.627284406 -0.777909930 -0.628352589 0.005417880 919.610231856 0.024318833 -0.021489175 0.999473552 2.230235653
-0.644140601 0.764261007 0.031428792 1773.107543945 -0.764704049 -0.644372404 -0.003445635 918.758117676 0.017618477 -0.026253201 0.999500155 1.837847590
7 8
-0.619539439 0.784366435 0.030671577 1772.892006541 -0.784959568 -0.619213037 -0.020343257 919.400805826 0.003035734 -0.036679394 0.999322699 2.535541801
-0.644140601 0.764261007 0.031428792 1773.107543945 -0.764704049 -0.644372404 -0.003445635 918.758117676 0.017618477 -0.026253201 0.999500155 1.837847590
7 9
-0.611178771 0.790201259 0.045200062 1773.355288583 -0.791331246 -0.611210102 -0.014740175 919.194893618 0.015979057 -0.044777121 0.998869401 2.370879409
-0.644140601 0.764261007 0.031428792 1773.107543945 -0.764704049 -0.644372404 -0.003445635 918.758117676 0.017618477 -0.026253201 0.999500155 1.837847590
8 0
-0.627953303 0.777661501 0.030297930 1772.886642267 -0.778236382 -0.627704885 -0.018301861 919.462415432 0.004785577 -0.035071703 0.999373577 2.495483510
-0.644140601 0.764261007 0.031428792 1773.107543945 -0.764704049 -0.644372404 -0.003445635 918.758117676 0.017618477 -0.026253201 0.999500155 1.837847590
8 1
-0.636821671 0.770981578 -0.006811416 1775.452741066 -0.771007993 -0.636768170 0.008568703 917.676254906 0.002269064 0.010708350 0.999940345 3.188500700
-0.651227057 0.758250237 0.030979196 1775.471557617 -0.758771122 -0.651289105 -0.009431457 916.705566406 0.013025004 -0.029648136 0.999475539 1.834790707
8 2
-0.671587169 0.740809293 0.013159452 1775.204761374 -0.740922127 -0.671421602 -0.015095050 916.667062007 -0.002346904 -0.019887771 0.999799717 2.894237256
-0.651227057 0.758250237 0.030979196 1775.471557617 -0.758771122 -0.651289105 -0.009431457 916.705566406 0.013025004 -0.029648136 0.999475539 1.834790707
8 3
-0.670083291 0.742260899 0.006168934 1774.895340396 -0.742278328 -0.670014453 -0.010201263 917.713772048 -0.003438658 -0.011414746 0.999929155 3.319433198
-0.651227057 0.758250237 0.030979196 1775.471557617 -0.758771122 -0.651289105 -0.009431457 916.705566406 0.013025004 -0.029648136 0.999475539 1.834790707
8 4
-0.632955450 0.773834913 0.023406642 1775.500273869 -0.774187793 -0.632706560 -0.017778134 917.004089451 0.001052325 -0.029373833 0.999568108 2.896279733
-0.651227057 0.758250237 0.030979196 1775.471557617 -0.758771122 -0.651289105 -0.009431457 916.705566406 0.013025004 -0.029648136 0.999475539 1.834790707
8 5
-0.640696176 0.766886002 0.037351371 1775.564711420 -0.767781097 -0.639635622 -0.037132113 917.186309946 -0.004584755 -0.052467922 0.998612209 2.394585260
-0.651227057 0.758250237 0.030979196 1775.471557617 -0.758771122 -0.651289105 -0.009431457 916.705566406 0.013025004 -0.029648136 0.999475539 1.834790707
8 6
-0.638216677 0.769391659 0.026776659 1777.686798321 -0.769819908 -0.638141175 -0.012382611 915.836759800 0.007560353 -0.028515890 0.999564910 2.901330062
-0.659709930 0.751063526 0.026196029 1777.801147461 -0.751441419 -0.659744799 -0.008517096 914.654479980 0.010885814 -0.025303602 0.999620557 1.838987112
8 7
-0.635231539 0.771407785 0.037576817 1778.219652258 -0.772289876 -0.634897097 -0.021779054 915.395701426 0.007057043 -0.042854768 0.999056522 2.426595534
-0.659709930 0.751063526 0.026196029 1777.801147461 -0.751441419 -0.659744799 -0.008517096 914.654479980 0.010885814 -0.025303602 0.999620557 1.838987112
8 8
-0.622020766 0.782668133 0.022843685 1777.457487923 -0.782996610 -0.621653917 -0.021515268 915.514732138 -0.002638204 -0.031269311 0.999507615 2.707345952
-0.659709930 0.751063526 0.026196029 1777.801147461 -0.751441419 -0.659744799 -0.008517096 914.654479980 0.010885814 -0.025303602 0.999620557 1.838987112
8 9
-0.644594845 0.763726603 0.034929774 1778.215691148 -0.764498362 -0.644278604 -0.021156150 915.397465619 0.006347191 -0.040340676 0.999165870 2.377503978
-0.659709930 0.751063526 0.026196029 1777.801147461 -0.751441419 -0.659744799 -0.008517096 914.654479980 0.010885814 -0.025303602 0.999620557 1.838987112
9 0
-0.634810005 0.772613766 0.009234569 1777.324565620 -0.772605680 -0.634560004 -0.020352031 915.217616208 -0.009864075 -0.020054162 0.999750306 2.478551461
-0.659709930 0.751063526 0.026196029 1777.801147461 -0.751441419 -0.659744799 -0.008517096 914.654479980 0.010885814 -0.025303602 0.999620557 1.838987112
9 1
-0.630502582 0.776115986 -0.010557969 1779.949663639 -0.775919456 -0.630583608 -0.017707039 913.172556885 -0.020400087 -0.002971963 0.999787554 3.705298952
-0.667270839 0.744272232 0.028430138 1780.149902344 -0.744739175 -0.667261660 -0.011199383 912.536987305 0.010634948 -0.028646061 0.999533057 1.835824013
9 2
-0.743454684 0.668734671 0.008372185 1780.697566844 -0.668785763 -0.743417920 -0.007453062 911.718355212 0.001240212 -0.011139902 0.999937232 3.312135817
-0.667270839 0.744272232 0.028430138 1780.149902344 -0.744739175 -0.667261660 -0.011199383 912.536987305 0.010634948 -0.028646061 0.999533057 1.835824013
9 3
-0.686906032 0.726486962 0.019438180 1780.076234727 -0.726724611 -0.686429687 -0.026188453 913.872093754 -0.005682336 -0.032114871 0.999468048 2.752251638
-0.667270839 0.744272232 0.028430138 1780.149902344 -0.744739175 -0.667261660 -0.011199383 912.536987305 0.010634948 -0.028646061 0.999533057 1.835824013
9 4
-0.646774474 0.762001699 0.032206941 1780.019211540 -0.762667482 -0.646444009 -0.021179930 913.231299189 0.004681217 -0.038261496 0.999256846 2.925014785
-0.667270839 0.744272232 0.028430138 1780.149902344 -0.744739175 -0.667261660 -0.011199383 912.536987305 0.010634948 -0.028646061 0.999533057 1.835824013
9 5
-0.665831050 0.745235040 0.035982225 1780.317476146 -0.746102834 -0.665093746 -0.031320505 913.071764517 0.000590797 -0.047700215 0.998861554 2.439503602
-0.667270839 0.744272232 0.028430138 1780.149902344 -0.744739175 -0.667261660 -0.011199383 912.536987305 0.010634948 -0.028646061 0.999533057 1.835824013
9 6
-0.650380361 0.759227570 0.024077091 1782.230503944 -0.759603469 -0.649925558 -0.024481593 911.286165424 -0.002938413 -0.034210994 0.999410350 3.009763173
-0.665753841 0.745788515 0.023898887 1782.530273438 -0.746135950 -0.665692747 -0.011583959 910.384216309 0.007270132 -0.025543891 0.999647260 1.838850141
9 7
-0.660212815 0.750446935 0.030808888 1782.797213431 -0.751078321 -0.659600170 -0.028443856 910.797922707 -0.001023680 -0.041918486 0.999120585 2.442954601
-0.665753841 0.745788515 0.023898887 1782.530273438 -0.746135950 -0.665692747 -0.011583959 910.384216309 0.007270132 -0.025543891 0.999647260 1.838850141
9 8
-0.626223921 0.779454563 0.017172073 1782.462225214 -0.779509768 -0.625555814 -0.032319572 910.725098594 -0.014449171 -0.033624681 0.999330157 2.479933560
-0.665753841 0.745788515 0.023898887 1782.530273438 -0.746135950 -0.665692747 -0.011583959 910.384216309 0.007270132 -0.025543891 0.999647260 1.838850141
9 9
-0.635813313 0.771106256 0.033723226 1782.976838962 -0.771831000 -0.635442069 -0.022144500 910.904179397 0.004353769 -0.040108008 0.999185944 2.356675288
-0.665753841 0.745788515 0.023898887 1782.530273438 -0.746135950 -0.665692747 -0.011583959 910.384216309 0.007270132 -0.025543891 0.999647260 1.838850141
1 0 0
-0.646245412 0.762886096 0.019297367 1782.343686161 -0.763011306 -0.645491719 -0.033975305 910.850614072 -0.013462613 -0.036680086 0.999236448 2.519385345
-0.665753841 0.745788515 0.023898887 1782.530273438 -0.746135950 -0.665692747 -0.011583959 910.384216309 0.007270132 -0.025543891 0.999647260 1.838850141
1 0 1
-0.658735643 0.752346676 -0.006519241 1784.629553676 -0.752177982 -0.658736348 -0.017170049 908.669153084 -0.017211893 -0.006406435 0.999831356 3.071665505
-0.658472419 0.752297580 0.021506360 1784.931762695 -0.752590954 -0.658017755 -0.024891121 908.213195801 -0.004573960 -0.032575611 0.999458849 1.832292676
1 0 2
-0.695381065 0.718576513 0.009674392 1784.924060537 -0.718439191 -0.694802397 -0.033087810 907.752821606 -0.017053946 -0.029958633 0.999405663 2.857769930
-0.658472419 0.752297580 0.021506360 1784.931762695 -0.752590954 -0.658017755 -0.024891121 908.213195801 -0.004573960 -0.032575611 0.999458849 1.832292676
1 0 3
-0.672996099 0.739568819 0.010722916 1784.840005460 -0.739366478 -0.672271407 -0.037261968 909.400147435 -0.020348661 -0.033004874 0.999248083 2.907932546
-0.658472419 0.752297580 0.021506360 1784.931762695 -0.752590954 -0.658017755 -0.024891121 908.213195801 -0.004573960 -0.032575611 0.999458849 1.832292676
1 0 4
-0.622262902 0.782474280 0.022886091 1784.702711427 -0.782630931 -0.621232080 -0.039493105 908.564338414 -0.016684338 -0.042486056 0.998957832 2.674456709
-0.658472419 0.752297580 0.021506360 1784.931762695 -0.752590954 -0.658017755 -0.024891121 908.213195801 -0.004573960 -0.032575611 0.999458849 1.832292676
1 0 5
-0.651452643 0.758332993 0.023269828 1784.913918426 -0.758381814 -0.650007522 -0.048450709 908.586430903 -0.021615793 -0.049210362 0.998554631 2.674680662
-0.658472419 0.752297580 0.021506360 1784.931762695 -0.752590954 -0.658017755 -0.024891121 908.213195801 -0.004573960 -0.032575611 0.999458849 1.832292676
1 0 6
-0.591286037 0.805644270 0.036321082 1787.272137789 -0.806461468 -0.590754887 -0.025077917 906.974386989 0.001253382 -0.044119450 0.999025650 2.810737704
-0.640013576 0.768011391 0.023262575 1787.472290039 -0.768356025 -0.639579594 -0.023809945 906.034423828 -0.003408040 -0.033112623 0.999445736 1.831768036
1 0 7
-0.505176757 0.862278931 0.035673427 1788.369622527 -0.862969580 -0.505147521 -0.010479095 906.876234083 0.008984895 -0.036078630 0.999308733 2.140376623
-0.640013576 0.768011391 0.023262575 1787.472290039 -0.768356025 -0.639579594 -0.023809945 906.034423828 -0.003408040 -0.033112623 0.999445736 1.831768036
1 0 8
-0.639123587 0.768526772 0.029810950 1787.304515201 -0.768900183 -0.637579513 -0.047803051 907.049369861 -0.017730680 -0.053473400 0.998412028 2.794864629
-0.640013576 0.768011391 0.023262575 1787.472290039 -0.768356025 -0.639579594 -0.023809945 906.034423828 -0.003408040 -0.033112623 0.999445736 1.831768036
1 0 9
-0.643434029 0.765113442 0.024395879 1787.496922589 -0.765284980 -0.642165311 -0.044303582 907.036750150 -0.018230673 -0.047175930 0.998720393 2.721823808
-0.640013576 0.768011391 0.023262575 1787.472290039 -0.768356025 -0.639579594 -0.023809945 906.034423828 -0.003408040 -0.033112623 0.999445736 1.831768036
1 1 0
-0.618348270 0.785596408 0.022018894 1787.234353976 -0.785623556 -0.617134479 -0.044055971 906.695008752 -0.021021167 -0.044540218 0.998786592 2.616864437
-0.640013576 0.768011391 0.023262575 1787.472290039 -0.768356025 -0.639579594 -0.023809945 906.034423828 -0.003408040 -0.033112623 0.999445736 1.831768036
1 1 1
-0.631343629 0.775500072 0.002469729 1789.493449659 -0.775340306 -0.631141423 -0.022543857 905.624936198 -0.015923657 -0.016147573 0.999743011 3.037674758
-0.625781775 0.779786527 0.018166708 1789.545288086 -0.779968023 -0.625383139 -0.023364197 904.315002441 -0.006857934 -0.028790344 0.999562085 1.835903406
1 1 2
-0.574225179 0.818458508 0.019809004 1789.359207077 -0.818453456 -0.573293743 -0.038322759 904.791456645 -0.020008818 -0.038218374 0.999069194 2.573934594
-0.625781775 0.779786527 0.018166708 1789.545288086 -0.779968023 -0.625383139 -0.023364197 904.315002441 -0.006857934 -0.028790344 0.999562085 1.835903406
1 1 3
-0.631237110 0.775567276 0.006031093 1789.160649520 -0.774988486 -0.630421329 -0.044296774 905.038044054 -0.030552740 -0.032635533 0.999000322 2.740520115
-0.625781775 0.779786527 0.018166708 1789.545288086 -0.779968023 -0.625383139 -0.023364197 904.315002441 -0.006857934 -0.028790344 0.999562085 1.835903406
1 1 4
-0.604229206 0.796698870 0.013382415 1789.827727313 -0.796441419 -0.603351729 -0.040598408 904.528182406 -0.024270149 -0.035188674 0.999086007 2.776758918
-0.625781775 0.779786527 0.018166708 1789.545288086 -0.779968023 -0.625383139 -0.023364197 904.315002441 -0.006857934 -0.028790344 0.999562085 1.835903406
1 1 5
-0.580245100 0.814218769 -0.019087251 1791.656211539 -0.812974034 -0.580446326 -0.046429481 902.455207598 -0.048882634 -0.011422707 0.998739248 3.403966670
-0.606909990 0.794645667 0.014096888 1792.160400391 -0.794607818 -0.606331229 -0.030998254 902.230163574 -0.016085239 -0.030014649 0.999420047 1.834619164
1 1 6
-0.614973057 0.788541410 0.003384690 1791.685944974 -0.788277968 -0.614643567 -0.028838513 902.147312573 -0.020659744 -0.020402634 0.999578400 3.388799537
-0.606909990 0.794645667 0.014096888 1792.160400391 -0.794607818 -0.606331229 -0.030998254 902.230163574 -0.016085239 -0.030014649 0.999420047 1.834619164
1 1 7
-0.609174398 0.793017637 -0.005518449 1791.524762033 -0.791831100 -0.608616852 -0.050888449 902.684784270 -0.043713859 -0.026629940 0.998689151 2.555875791
-0.606909990 0.794645667 0.014096888 1792.160400391 -0.794607818 -0.606331229 -0.030998254 902.230163574 -0.016085239 -0.030014649 0.999420047 1.834619164
1 1 8
-0.594127788 0.804364673 -0.003235030 1791.840488214 -0.803616741 -0.593739624 -0.040914040 902.333715586 -0.034830384 -0.021708088 0.999157454 2.986007077
-0.606909990 0.794645667 0.014096888 1792.160400391 -0.794607818 -0.606331229 -0.030998254 902.230163574 -0.016085239 -0.030014649 0.999420047 1.834619164
1 1 9
-0.607882928 0.793911933 0.013525183 1791.812364161 -0.793323674 -0.606539168 -0.052424662 902.722280898 -0.033416849 -0.042597531 0.998533311 2.620794525
-0.606909990 0.794645667 0.014096888 1792.160400391 -0.794607818 -0.606331229 -0.030998254 902.230163574 -0.016085239 -0.030014649 0.999420047 1.834619164
1 2 0
-0.530698129 0.847502951 0.009946545 1794.342331465 -0.846971699 -0.529854406 -0.043518364 900.853565317 -0.031611529 -0.031519182 0.999003036 2.835131341
-0.586796284 0.809617579 0.013763356 1794.877319336 -0.809526682 -0.586175680 -0.032627910 900.200500488 -0.018348381 -0.030287746 0.999372780 1.834305525
1 2 1
-0.383675219 0.923435303 0.007815043 1795.680168683 -0.923009926 -0.383204202 -0.034751646 901.108332850 -0.029095970 -0.020546385 0.999365281 2.124571301
-0.586796284 0.809617579 0.013763356 1794.877319336 -0.809526682 -0.586175680 -0.032627910 900.200500488 -0.018348381 -0.030287746 0.999372780 1.834305525
1 2 2
-0.578871627 0.815240740 0.017043361 1794.410534846 -0.814706986 -0.577366348 -0.053861201 901.040996314 -0.034069511 -0.045063647 0.998402739 3.143256934
-0.586796284 0.809617579 0.013763356 1794.877319336 -0.809526682 -0.586175680 -0.032627910 900.200500488 -0.018348381 -0.030287746 0.999372780 1.834305525
1 2 3
-0.592910085 0.804900233 0.024362184 1795.218951441 -0.804936868 -0.591525336 -0.046634790 901.634422908 -0.023125484 -0.047259856 0.998614641 2.635662221
-0.586796284 0.809617579 0.013763356 1794.877319336 -0.809526682 -0.586175680 -0.032627910 900.200500488 -0.018348381 -0.030287746 0.999372780 1.834305525
1 2 4
-0.581017462 0.813819367 0.010818205 1794.537047549 -0.813149174 -0.579868630 -0.050410956 901.234220371 -0.034752236 -0.038086068 0.998669771 2.728311952
-0.586796284 0.809617579 0.013763356 1794.877319336 -0.809526682 -0.586175680 -0.032627910 900.200500488 -0.018348381 -0.030287746 0.999372780 1.834305525
1 2 5
-0.584284996 0.811457552 0.012158719 1797.426298706 -0.811039116 -0.583321456 -0.044181264 900.256268582 -0.028758727 -0.035675288 0.998949371 3.333186494
-0.570695817 0.821057558 0.013065518 1797.563354492 -0.820946217 -0.570109725 -0.031972799 898.262756348 -0.018802729 -0.028972832 0.999403358 1.835546732
1 2 6
-0.548901944 0.835856023 0.007172304 1797.631947608 -0.834858725 -0.547781003 -0.054287928 898.673741789 -0.041448004 -0.035786281 0.998499356 2.497375443
-0.570695817 0.821057558 0.013065518 1797.563354492 -0.820946217 -0.570109725 -0.031972799 898.262756348 -0.018802729 -0.028972832 0.999403358 1.835546732
1 2 7
