[section sign] DEMO on 2024-10-10 05:39:51 rot_test 10.000 rotation_best_modelrmae:0.044/0.044 tmae:0.020234/0.018
0
0.939546671 0.339169859 0.047074704 888.299756149 -0.340473680 0.939974024 0.022943249 2563.047200166 -0.036467350 -0.037583947 0.998627962 -19.937865794
0.941465497 0.334948212 0.038112301 888.212280273 -0.336300552 0.941012025 0.037391081 2562.986816406 -0.023340069 -0.048019599 0.998573780 -20.352600098
1
0.939837272 0.339144175 0.041077170 888.392276758 -0.340243752 0.940044955 0.023443034 2563.156129725 -0.030663826 -0.036008882 0.998881070 -19.967595443
0.941448510 0.334957659 0.038443618 888.215026855 -0.336322457 0.941010118 0.037243769 2562.990966797 -0.023700751 -0.047992542 0.998566449 -20.349401474
2
0.939554146 0.339190374 0.046774256 888.368567976 -0.340475417 0.939978393 0.022736976 2563.143172964 -0.036254628 -0.037288103 0.998646727 -19.960098364
0.941411555 0.334969878 0.039235465 888.204223633 -0.336363018 0.941011548 0.036841113 2562.985839844 -0.024580369 -0.047880009 0.998550594 -20.364305496
3
0.939304349 0.339358549 0.050428024 888.312238658 -0.340708014 0.939937207 0.020877815 2563.223202026 -0.040314113 -0.036791855 0.998509472 -19.958622131
0.941435814 0.334912509 0.039139293 888.078918457 -0.336283386 0.941067755 0.036124777 2563.019287109 -0.024734082 -0.047171056 0.998580575 -20.374141693
4
0.939150733 0.339368166 0.053151291 888.140030750 -0.340756658 0.939950707 0.019426661 2563.173859693 -0.043366804 -0.036356218 0.998397554 -19.962535113
0.941317976 0.334869623 0.042221587 887.877746582 -0.336333781 0.941121459 0.034202401 2563.015136719 -0.028282303 -0.046395887 0.998522699 -20.351716995
5
0.937881257 0.342374606 0.056198838 887.764468246 -0.343738550 0.938921663 0.016424570 2563.352470268 -0.047142951 -0.034722001 0.998284555 -19.987140253
0.940414071 0.336885810 0.046144992 887.514160156 -0.338424206 0.940489471 0.030800620 2563.188720703 -0.033022583 -0.044581916 0.998459816 -20.372207642
6
0.936430220 0.346197307 0.056972014 886.931084636 -0.347608107 0.937490231 0.016747884 2563.557375426 -0.047612637 -0.035487157 0.998235303 -19.968380811
0.939016163 0.340533108 0.047809761 886.721252441 -0.342155695 0.939129770 0.031061210 2563.421630859 -0.034322195 -0.045525365 0.998373508 -20.386396408
7
0.939162968 0.339933254 0.049176003 885.718330955 -0.341021208 0.939927891 0.015490555 2563.821049657 -0.040956146 -0.031318214 0.998670004 -19.963546453
0.940777242 0.335676521 0.047533438 885.578186035 -0.337202877 0.940995395 0.028668556 2563.682861328 -0.035105385 -0.042999133 0.998458266 -20.330614090
8
0.936697452 0.346401707 0.051025755 884.344550737 -0.347394087 0.937645103 0.011785431 2564.379386239 -0.043761557 -0.028765429 0.998627799 -19.946655337
0.938600957 0.341562390 0.048613716 884.158996582 -0.342985898 0.939019799 0.024541330 2564.168701172 -0.037266854 -0.039708335 0.998516142 -20.310173035
9
0.934578515 0.350738148 0.059544880 882.632267613 -0.352032027 0.935904425 0.012499344 2565.041926505 -0.051344316 -0.032643324 0.998147398 -19.929336928
0.937005401 0.345656276 0.050426185 882.371093750 -0.347293913 0.937332630 0.028187284 2564.750244141 -0.037522994 -0.043924339 0.998329937 -20.294357300
1 0
0.936830165 0.345222690 0.056306283 880.523240858 -0.346545673 0.937906369 0.015415033 2565.543948604 -0.047488399 -0.033953967 0.998294594 -19.842736241
0.938977242 0.340317100 0.050060213 880.404357910 -0.341945797 0.939289689 0.028424431 2565.391601562 -0.037347727 -0.043807767 0.998341680 -20.251329422
1 1
0.939429660 0.337688869 0.058634731 878.413142542 -0.339249157 0.940508955 0.018784160 2566.228133856 -0.048803284 -0.037538181 0.998102816 -19.852987201
0.940308511 0.335256994 0.058502980 878.341430664 -0.337366521 0.940873802 0.030666450 2566.044921875 -0.044762775 -0.048572868 0.997816086 -20.210664749
1 2
0.938270536 0.338175428 0.072703054 876.313553801 -0.339679632 0.940497647 0.009054821 2566.913531075 -0.065314929 -0.033191621 0.997312572 -19.791645441
0.940731823 0.332893014 0.064852737 876.122863770 -0.334952474 0.941937327 0.023685792 2566.671875000 -0.053202379 -0.044004560 0.997613668 -20.178724289
1 3
0.939468350 0.338610853 0.052362517 874.152005041 -0.339616036 0.940495162 0.011397319 2567.425365297 -0.045387430 -0.028490573 0.998563150 -19.649720376
0.941521466 0.333540678 0.047831994 873.898742676 -0.334896296 0.941958487 0.023636896 2567.273925781 -0.037171882 -0.038273398 0.998575807 -20.053813934
1 4
0.938814486 0.341395984 0.045563174 872.323175787 -0.341744591 0.939792880 -0.000144743 2567.983112331 -0.042869350 -0.015435082 0.998961503 -19.584905000
0.939652205 0.339033931 0.045931723 872.198730469 -0.339787215 0.940454543 0.009488384 2567.847412109 -0.039979804 -0.024522791 0.998899460 -20.019701004
1 5
0.935572008 0.345778690 0.071707133 871.099034467 -0.346450024 0.938062787 -0.003249782 2568.279006771 -0.068389484 -0.021802538 0.997420489 -19.567971430
0.937537432 0.341185242 0.067944884 871.016174316 -0.342713416 0.939364433 0.011911585 2568.201904297 -0.059760954 -0.034453180 0.997618020 -19.940624237
1 6
0.938097865 0.341220990 0.059501710 869.917643305 -0.341410850 0.939886071 -0.007259654 2568.761057384 -0.058401965 -0.013504266 0.998201859 -19.642545126
0.938861191 0.339325577 0.058291219 869.878906250 -0.340161175 0.940355122 0.004761514 2568.524414062 -0.053198740 -0.024298806 0.998288214 -19.965373993
1 7
0.937680563 0.341647127 0.063499761 868.952863524 -0.341750697 0.939741920 -0.009560239 2569.014159909 -0.062939612 -0.012736642 0.997936098 -19.494537640
0.939803302 0.337230265 0.055185385 868.724975586 -0.337994725 0.941135347 0.004878605 2568.895019531 -0.050291695 -0.023237295 0.998464227 -19.879858017
1 8
0.938886961 0.338640723 0.061753627 867.633004832 -0.338805181 0.940821482 -0.008107122 2569.366709605 -0.060844537 -0.013310780 0.998058532 -19.406371409
0.940538108 0.334233552 0.060628794 867.425598145 -0.335034728 0.942200065 0.003267194 2569.282958984 -0.056032449 -0.023385674 0.998155057 -19.778453827
1 9
0.942305652 0.329290821 0.060228520 865.857588755 -0.329069700 0.944204068 -0.013838778 2569.789514531 -0.061424996 -0.006779026 0.998088730 -19.404180643
0.942971945 0.326971203 0.062398557 865.755859375 -0.327505618 0.944847524 -0.001751848 2569.742431641 -0.059529930 -0.018783936 0.998049736 -19.773900986
2 0
0.942895447 0.325010508 0.072912474 864.116044770 -0.323785131 0.945705005 -0.028370463 2570.324811153 -0.078174398 0.003142408 0.996934776 -19.336125920
0.944741726 0.321945459 0.061759610 863.836547852 -0.321655214 0.946740270 -0.014858231 2570.264160156 -0.063253857 -0.005828112 0.997980416 -19.732276917
2 1
0.945168456 0.320478921 0.062846542 861.779007437 -0.318720150 0.947144543 -0.036527886 2571.127740049 -0.071231187 0.014494553 0.997354512 -19.264642670
0.946081460 0.317701012 0.063213728 861.593994141 -0.316668361 0.948179841 -0.026001994 2570.939208984 -0.068198852 0.004582216 0.997661233 -19.626432419
2 2
0.948372590 0.308521817 0.073508262 859.269449463 -0.306504529 0.951126592 -0.037585474 2571.842842188 -0.081511621 0.013114424 0.996586047 -19.217572315
0.948345542 0.309109241 0.071359523 859.002502441 -0.307908952 0.951017559 -0.027526049 2571.681640625 -0.076372713 0.004131972 0.997070789 -19.527467728
2 3
0.951782288 0.301258943 0.057907462 856.359122261 -0.299383207 0.953338301 -0.038925958 2572.586849655 -0.066932213 0.019712521 0.997562689 -19.053516781
0.952088892 0.300911486 0.054581266 856.021057129 -0.299829781 0.953604281 -0.027223473 2572.463378906 -0.060240775 0.009554073 0.998138189 -19.381780624
2 4
0.954515117 0.294189087 0.048512908 853.138323848 -0.292275997 0.955373399 -0.042847152 2573.346928890 -0.058953119 0.026719101 0.997903053 -19.011120393
0.954760253 0.293479830 0.047982093 852.760986328 -0.292267561 0.955842435 -0.030741271 2573.229492188 -0.054885257 0.015326940 0.998375058 -19.291505814
2 5
0.955751936 0.292653405 0.029868372 849.687305468 -0.291459480 0.955800457 -0.038682574 2574.242241445 -0.039868795 0.028265527 0.998805049 -18.892411325
0.956410170 0.291247755 0.021313783 849.284667969 -0.290743381 0.956502497 -0.023895856 2574.122802734 -0.027346306 0.016657397 0.999487281 -19.226350784
2 6
0.955941358 0.293489339 -0.006338116 845.861255679 -0.293557772 0.955707181 -0.021146135 2575.242660740 -0.000148772 0.022075067 0.999756328 -18.946388216
0.956343293 0.292197764 -0.005291183 845.548156738 -0.292237461 0.956295431 -0.009812527 2575.122802734 0.002192736 0.010930425 0.999937892 -19.259107590
2 7
0.955952879 0.293170879 -0.014318435 842.014886857 -0.293422483 0.955755801 -0.020824519 2576.240541237 0.007579790 0.024108609 0.999680623 -19.062238830
0.956416190 0.291594774 -0.015508684 841.613586426 -0.291747332 0.956456423 -0.008645471 2576.086914062 0.012312406 0.012793283 0.999842286 -19.387567520
2 8
0.957150012 0.289592097 0.000530246 837.958961864 -0.289551317 0.957042601 -0.015134812 2577.212102223 -0.004890389 0.014332751 0.999885313 -19.152825562
0.956061006 0.292813540 -0.014413205 837.638366699 -0.292883486 0.956143498 -0.002961444 2577.114013672 0.012913944 0.007052711 0.999891758 -19.518749237
2 9
0.953417319 0.301635500 -0.003386054 833.900852930 -0.301608980 0.953408137 0.006675156 2578.373109890 0.005241755 -0.005342951 0.999971963 -19.309912030
0.953910291 0.300049096 -0.005056368 833.586608887 -0.299926102 0.953808248 0.017149834 2578.169921875 0.009968597 -0.014842870 0.999840140 -19.653581619
3 0
0.949903425 0.311986513 0.018653502 830.015681022 -0.312388114 0.949620745 0.025174031 2579.503298426 -0.009859791 -0.029740042 0.999508968 -19.402398561
0.950666666 0.310191363 0.003791161 829.529846191 -0.310077935 0.949814558 0.041276950 2579.381103516 0.009202851 -0.040416170 0.999140620 -19.729785919
3 1
0.946221989 0.323348509 0.010474619 825.899648923 -0.323516333 0.945611996 0.033980902 2580.546433058 0.001082738 -0.035542201 0.999367427 -19.538135489
0.947389305 0.319959134 0.008923088 825.514709473 -0.320017368 0.946258783 0.046725105 2580.507080078 0.006506570 -0.047122397 0.998867869 -19.828998566
3 2
0.943814290 0.329121794 0.029891064 821.980162866 -0.329743616 0.943881194 0.018893122 2581.755434930 -0.021995484 -0.027687999 0.999374404 -19.616012011
0.946060300 0.323315769 0.020899687 821.583190918 -0.323869646 0.945499718 0.033745665 2581.598388672 -0.008850141 -0.038694214 0.999212027 -19.892015457
3 3
0.945348607 0.325835447 0.012136899 817.877328427 -0.325919563 0.945380039 0.005694749 2582.788495934 -0.009618452 -0.009339185 0.999909946 -19.644114916
0.945860088 0.324424833 0.009859672 817.624694824 -0.324553311 0.945709407 0.017282087 2582.714355469 -0.003717646 -0.019546427 0.999802053 -19.912200928
3 4
0.944982936 0.325851099 0.028780651 814.218233990 -0.326064732 0.945342554 0.002937099 2583.907053652 -0.026250542 -0.012159873 0.999581209 -19.771232469
0.945862710 0.324143976 0.016572036 813.818603516 -0.324385881 0.945807815 0.014880355 2583.849853516 -0.010850581 -0.019450502 0.999751866 -19.969152451
3 5
0.944853728 0.326493706 0.025559306 810.427817371 -0.326802590 0.945050381 0.008900309 2584.977569134 -0.021248985 -0.016762349 0.999633375 -19.787106676
0.946222484 0.323094398 0.016522210 810.017089844 -0.323351115 0.946137607 0.016361209 2584.964599609 -0.010346068 -0.020823814 0.999729693 -20.016004562
3 6
0.945988263 0.324088140 0.008545135 806.510677646 -0.324134355 0.945999096 0.004688079 2586.099094321 -0.006564370 -0.007204650 0.999952137 -20.486469431
0.946384132 0.321603388 0.030465841 806.212402344 -0.322238982 0.946471095 0.018828018 2586.077880859 -0.022779886 -0.027635822 0.999358475 -19.980691910
3 7
0.945976011 0.321821996 0.039496494 802.771212961 -0.322362291 0.946582287 0.007997095 2587.189110697 -0.034813070 -0.020297250 0.999187374 -19.839228864
0.946670175 0.320671201 0.031391602 802.415588379 -0.321283162 0.946834564 0.016772045 2587.161376953 -0.024344347 -0.025963185 0.999366462 -19.990447998
3 8
0.945614982 0.324823553 0.017379233 798.942720759 -0.324949363 0.945718451 0.004904065 2588.255557702 -0.014842931 -0.010284737 0.999836677 -20.384884791
0.946525037 0.320670813 0.035506658 798.555480957 -0.321273059 0.946902096 0.012647302 2588.238769531 -0.029565711 -0.023378320 0.999289393 -20.000101089
3 9
0.946201114 0.320701113 0.043061732 794.815977586 -0.321040975 0.947064484 0.001034828 2589.331687732 -0.040450381 -0.014803747 0.999071640 -19.688603767
0.946410477 0.320784330 0.037476290 794.525329590 -0.321385503 0.946882963 0.011136995 2589.427978516 -0.031913083 -0.022584505 0.999235392 -19.903812408
4 0
0.945918788 0.322085060 0.038714970 790.617632080 -0.322331165 0.946626655 0.000120412 2590.722437679 -0.036609858 -0.012592951 0.999250017 -19.896778632
0.946149528 0.321337312 0.039286450 790.179199219 -0.321976095 0.946683764 0.011013756 2590.659179688 -0.033652712 -0.023069952 0.999167323 -19.886003494
4 1
0.944089956 0.326252728 0.047468525 785.961817549 -0.326716197 0.945119756 0.002137163 2591.987123439 -0.044166205 -0.017526417 0.998870121 -19.582338653
0.946285129 0.320973635 0.038989559 785.754211426 -0.321657300 0.946772516 0.012579076 2591.941650391 -0.032876685 -0.024444664 0.999160528 -19.849813461
4 2
0.945111103 0.323511022 0.045886564 781.652844754 -0.324153085 0.945977586 0.007112539 2593.417123569 -0.041106695 -0.021596419 0.998921008 -19.797477306
0.946204901 0.320540160 0.044161905 781.200622559 -0.321566552 0.946709633 0.018327633 2593.289306641 -0.035933759 -0.031542685 0.998856187 -19.799425125
4 3
0.946130814 0.321457285 0.038751023 776.863920363 -0.322198765 0.946560083 0.014539732 2594.615709367 -0.032006286 -0.026242026 0.999142830 -19.584468048
0.946612477 0.320104748 0.038182262 776.437255859 -0.321133226 0.946713030 0.024655888 2594.574951172 -0.028255176 -0.035601161 0.998966575 -19.766799927
4 4
0.945068999 0.323968123 0.043464897 771.983672386 -0.324705120 0.945751844 0.010932839 2596.043490559 -0.037565136 -0.024445564 0.998994836 -19.651214394
0.946559906 0.319851965 0.041461200 771.643981934 -0.320903450 0.946864069 0.021658698 2596.016601562 -0.032330550 -0.033806298 0.998905420 -19.635231018
4 5
0.945337691 0.324436872 0.032822033 767.259415029 -0.324939859 0.945667822 0.011220551 2597.400906261 -0.027398407 -0.021272391 0.999397837 -19.349245873
0.946878970 0.320503742 0.026409935 766.907836914 -0.321095377 0.946782172 0.022386756 2597.369873047 -0.017829422 -0.029677650 0.999400496 -19.566677094
4 6
0.946391446 0.320925782 0.036739684 762.910445654 -0.321472349 0.946866655 0.009925288 2598.676236531 -0.031602318 -0.021203998 0.999275187 -19.517263321
0.947359324 0.318796784 0.029647077 762.533752441 -0.319534928 0.947251081 0.024752036 2598.611572266 -0.020192359 -0.032922346 0.999253929 -19.516731262
4 7
0.947658587 0.318366149 0.024211498 758.959548069 -0.318782673 0.947695699 0.015810334 2599.652299983 -0.017911668 -0.022701002 0.999581511 -19.281056442
0.948603749 0.315348655 0.026575977 758.619628906 -0.316003263 0.948411345 0.025646638 2599.745605469 -0.017117329 -0.032726593 0.999317765 -19.485347748
4 8
0.948349293 0.315339280 0.034564941 755.276474351 -0.315606090 0.948886936 0.002411702 2600.749124777 -0.032037733 -0.013196031 0.999399227 -19.576046773
0.950114369 0.309803575 0.036121927 754.976806641 -0.310726643 0.950209856 0.023456965 2600.782226562 -0.027056359 -0.033510838 0.999072075 -19.420568466
4 9
0.952323888 0.303676022 0.029325635 751.620162928 -0.304254934 0.952424945 0.017748712 2601.790939216 -0.022540625 -0.025824980 0.999411979 -19.244385332
0.953888297 0.298309088 0.033295136 751.328918457 -0.299250245 0.953760505 0.028108519 2601.743896484 -0.023370560 -0.036775969 0.999050200 -19.407608032
5 0
0.957744383 0.286801320 0.021693690 747.873983993 -0.287093411 0.957830123 0.011755809 2602.600503211 -0.017407297 -0.017487155 0.999695206 -19.779271263
0.957849979 0.284596086 0.039093960 747.765441895 -0.285878837 0.957718194 0.032388132 2602.657714844 -0.028223464 -0.042199109 0.998710513 -19.375509262
5 1
0.958347237 0.282548482 0.041676188 744.503490816 -0.283577891 0.958715106 0.021174043 2603.587426429 -0.033972914 -0.032110500 0.998906413 -19.105609600
0.960535288 0.275596708 0.037662346 744.235351562 -0.276796758 0.960411727 0.031510346 2603.518310547 -0.027487207 -0.040691614 0.998793602 -19.344100952
5 2
0.960179360 0.277204538 0.034831208 740.934060008 -0.277758684 0.960573994 0.012131663 2604.190519001 -0.030095015 -0.021323219 0.999319170 -19.241075438
0.961142242 0.273298472 0.038901336 740.762145996 -0.274488032 0.961140931 0.029401533 2604.327148438 -0.029354271 -0.038937006 0.998810410 -19.204469681
5 3
0.958408017 0.281427969 0.047458321 737.388155841 -0.282469522 0.959129725 0.016751973 2605.164006814 -0.040804229 -0.029460707 0.998732360 -19.023282629
0.959674776 0.278007090 0.041670445 737.237976074 -0.279212981 0.959863126 0.026514191 2605.165283203 -0.032626785 -0.037079930 0.998779595 -19.230524063
5 4
0.955378949 0.294814730 0.018310681 733.742571724 -0.294963843 0.955489340 0.005997104 2606.059012977 -0.015727651 -0.011130440 0.999814000 -19.350243940
0.956773937 0.288338751 0.038005389 733.582641602 -0.289257646 0.957014084 0.021309758 2606.046630859 -0.030227259 -0.031381965 0.999050319 -19.161903381
5 5
0.951687577 0.305193429 0.033879321 730.032474664 -0.305696758 0.952068539 0.010703074 2607.113332428 -0.028988953 -0.020542731 0.999368285 -18.908182045
0.952068925 0.303537339 0.037809707 729.846191406 -0.304403156 0.952341199 0.019616466 2607.062500000 -0.030053418 -0.030185627 0.999092340 -19.107076645
5 6
0.945506791 0.323810154 0.034117484 726.315336962 -0.324101883 0.946016385 0.003243816 2608.138897002 -0.031225343 -0.014124539 0.999412255 -19.006923455
0.946923018 0.319561183 0.034892328 726.050109863 -0.320276707 0.947168350 0.017173009 2608.104980469 -0.027561080 -0.027436718 0.999243617 -19.111206055
5 7
0.940975869 0.336744946 0.034165674 722.465753838 -0.337065649 0.941472650 0.003931589 2609.144706333 -0.030842133 -0.015215571 0.999408107 -18.767974284
0.942072928 0.333952069 0.031219004 722.199279785 -0.334471941 0.942314625 0.013102035 2609.214355469 -0.025042670 -0.022784952 0.999426723 -19.007076263
5 8
0.937083776 0.347706911 0.031209216 718.530569340 -0.347949772 0.937509449 0.002543820 2610.456227953 -0.028374461 -0.013242977 0.999509295 -18.865523956
0.938053071 0.345569730 0.025259072 718.259826660 -0.345968336 0.938149273 0.013487236 2610.424316406 -0.019035999 -0.021390582 0.999589980 -19.016391754
5 9
0.933987947 0.355582872 0.035036270 714.509898788 -0.355922209 0.934507754 0.003764869 2611.765334128 -0.031402976 -0.015986485 0.999378639 -18.734552684
0.935351372 0.352787763 0.025661254 714.306945801 -0.353232205 0.935408652 0.015410437 2611.712158203 -0.018567149 -0.023478553 0.999551833 -19.023546219
6 0
0.932771747 0.359101410 0.031356830 710.641794589 -0.359530065 0.933088733 0.009114673 2613.117601634 -0.025985648 -0.019775583 0.999466367 -18.874797560
0.935328722 0.352911741 0.024768276 710.321044922 -0.353440821 0.935203731 0.021760657 2613.058593750 -0.015483791 -0.029107485 0.999456346 -19.011339188
6 1
0.937203986 0.347903617 0.024737231 706.611257850 -0.348336313 0.937233240 0.015973758 2614.394629956 -0.017627268 -0.023587493 0.999565972 -18.776019347
0.938005626 0.345627904 0.026206400 706.287902832 -0.346251577 0.937811732 0.024880867 2614.352539062 -0.015977148 -0.032412395 0.999346793 -19.018169403
6 2
0.940330802 0.338814989 0.031346564 702.515430067 -0.339339389 0.940572334 0.013113063 2615.675141428 -0.025040844 -0.022967727 0.999422140 -18.948157027
0.941553473 0.335863531 0.025936821 702.186218262 -0.336487353 0.941347659 0.025313683 2615.600097656 -0.015913624 -0.032561600 0.999343097 -19.042242050
6 3
0.941287968 0.336988366 0.020397980 699.280399737 -0.337325143 0.941249011 0.016172614 2616.525809984 -0.013749637 -0.022103840 0.999660701 -18.832572015
0.943275571 0.331030399 0.025495885 699.098571777 -0.331638902 0.943070531 0.025172388 2616.513916016 -0.015711589 -0.032199927 0.999357998 -19.010011673
